59.08
109.67
172.29
383.34
491.40
902.22
602.95
20.69
551.16
563.01
766.30
179.55
943.74
164.15
159.97
1.45
5.38
1.64
894.31
10.59
7.66
9.54
7.44
8.55
0.68
12.79
4.97
7.96
36.43
2.38
1.16
4.48
8.80
139.22
297.17
0.52
17.49
771.76
19.12
3.86
358.97
134.46
119.76
122.52
0.80
9.50
565.92
18.98
64.94
129.98
105.67
125.23
51.76
10.10
780.69
26.96
44.36
66.77
107.61
154.27
65.91
955.95
3.68
7.39
21.47
97.91
411.74
2.62
5.14
14.54
12.09
306.56
952.84
295.47
74.70
77.79
121.43
153.26
3.47
326.53
163.54
177.09
152.37
58.07
125.80
1.95
17.75
3.56
419.94
25.41
12.15
0.46
5.98
18.11
238.70
71.46
145.39
141.43
49.94
139.94
218.05
173.74
3.99
5.15
780.72
387.02
33.87
64.01
740.09
254.14
95.48
105.45
112.88
506.25
504.82
105.13
793.20
21.18
350.92
344.43
634.42
4.40
4.17
4.44
5.21
11.95
42.59
7.08
167.56
178.22
172.00
214.81
123.74
76.81
100.05
103.52
280.71
15.33
379.87
2.40
323.93
2.69
10.22
730.49
119.18
190.78
57.41
9.52
21.91
31.17
9.84
250.07
13.36
21.88
20.97
429.51
487.42
70.71
934.06
112.45
15.53
19.70
444.85
551.48
65.89
288.70
294.15
58.05
158.94
221.08
161.01
101.79
352.54
588.60
313.15
296.77
29.48
74.68
59.66
188.14
271.00
54.10
25.37
27.62
206.79
49.29
287.36
190.82
286.48
382.21
727.23
6.42
63.09
50.66
878.99
259.78
22.14
0.17
