0 	0
5 	1
9 	2
13 	3
18 	4
23 	5
28 	6
29 	7
34 	8
36 	9
40 	10
43 	11
44 	12
47 	13
48 	14
49 	15
51 	16
53 	18
55 	19
57 	20
59 	21
63 	22
64 	23
66 	26
67 	27
68 	28
69 	30
70 	32
71 	34
72 	37
73 	43
74 	45
76 	50
77 	51
78 	52
79 	55
80 	58
82 	59
84 	60
85 	64
87 	65
89 	66
90 	67
91 	71
92 	72
94 	75
95 	77
96 	78
97 	96
98 	98
99 	101
100 	102
101 	104
104 	106
105 	108
106 	110
108 	113
110 	120
111 	122
112 	123
113 	124
115 	126
116 	130
117 	135
119 	140
120 	142
121 	146
122 	153
123 	154
124 	155
125 	159
126 	160
127 	162
128 	164
129 	165
130 	168
132 	173
133 	174
134 	178
135 	179
136 	180
137 	189
139 	191
140 	207
141 	215
142 	219
143 	222
144 	239
145 	251
146 	255
147 	260
148 	272
149 	281
150 	287
151 	288
152 	289
153 	295
154 	296
155 	297
156 	298
157 	307
158 	314
159 	324
160 	327
161 	345
162 	351
163 	353
164 	359
165 	380
166 	383
167 	384
168 	388
169 	412
170 	420
171 	430
172 	445
173 	488
174 	492
175 	505
176 	507
178 	552
179 	564
180 	566
181 	589
182 	603
183 	635
184 	728
185 	731
186 	741
187 	767
188 	772
190 	781
191 	794
192 	879
193 	895
194 	903
195 	935
196 	944
197 	953
198 	956
