26.0496
63.1919
154.19
287.318
517.856
657.041
945.571
95.698
100.69
24.2655
193.032
80.777
94.4579
617.335
0.508031
0.420026
1.77611
4.54828
8.64454
1.40009
0.204012
0.32802
0.096006
5.54035
4.07625
2.29614
42.2786
1.81211
0.108006
1.18007
0.32002
43.9267
1.06007
8.67654
10.6407
1.98412
584.649
58.1716
339.693
655.461
170.079
312.576
0.052003
0.552034
164.386
143.745
754.711
12.8408
50.5952
79.373
243.287
232.471
46.8589
10.1046
713.161
14.9249
20.0693
69.9044
18.5332
376.68
175.147
584.369
2.27614
7.14045
24.6415
67.1722
0.852053
0.772048
0.952059
7.55647
191.096
262.416
8.89255
24.8696
23.3935
48.099
63.96
0.868054
151.189
77.1168
69.4403
51.5432
12.9568
36.7183
0.372023
4.31627
0.912057
371.535
9.16057
5.12032
0.152009
1.04807
301.219
8.20451
158.266
483.146
251.908
6.4924
13.7089
6.62041
369.711
40.2025
208.305
44.1468
46.0669
45.2268
100.11
116.715
129.72
310.807
11.2247
59.9277
19.0012
75.9767
136.541
123.132
0.352022
1.6361
4.26427
1.25208
7.74448
8.36052
8.73255
167.022
140.441
194.8
127.532
155.862
12.9808
89.2816
46.2909
96.9341
5.79236
94.6299
2.66417
61.1718
1.44809
7.9485
544.894
57.3236
23.1214
51.4112
17.3491
14.3289
4.37627
564.595
8.77655
26.8737
17.1731
471.109
60.7838
371.783
17.0531
4.51628
481.974
66.2161
683.163
824.832
30.4739
104.779
132.224
199.808
145.641
898.028
613.846
383.472
10.7847
15.849
14.8409
30.2139
63.0839
24.1135
8.63254
10.6287
142.897
25.9176
845.689
148.553
864.466
155.902
973.805
1.26008
6.03238
14.0489
107.151
6.4604
0.120007
