0 	0
18 	1
29 	2
32 	3
38 	5
41 	6
45 	7
49 	8
57 	9
58 	10
62 	11
63 	12
66 	13
67 	14
71 	15
72 	16
75 	18
76 	19
77 	20
78 	21
80 	24
84 	25
85 	26
87 	27
89 	31
90 	37
91 	41
92 	43
93 	44
94 	45
95 	46
98 	47
99 	49
100 	51
102 	52
103 	58
104 	59
105 	60
106 	61
107 	62
110 	64
111 	67
112 	68
114 	70
115 	76
116 	78
117 	80
118 	81
119 	90
121 	95
122 	96
123 	97
125 	101
126 	105
127 	108
128 	117
129 	124
130 	128
131 	130
132 	133
133 	137
134 	141
135 	143
136 	144
137 	146
138 	149
139 	152
140 	155
142 	156
143 	159
144 	165
145 	168
146 	171
147 	176
148 	192
149 	194
150 	195
151 	200
152 	209
153 	233
154 	244
155 	252
156 	263
157 	288
158 	302
159 	311
160 	313
161 	340
162 	370
164 	372
165 	377
166 	384
167 	472
168 	482
169 	484
170 	518
171 	545
172 	565
174 	585
175 	614
176 	618
177 	656
178 	658
179 	684
180 	714
181 	755
182 	825
183 	846
184 	865
185 	899
186 	946
187 	974
