18.441
85.477
212.561
431.279
731.510
214.389
71.528
19.533
233.075
267.805
524.313
554.591
216.114
536.266
51.147
69.352
802.314
1.508
1.536
5.004
839.876
8.657
12.825
4.240
3.424
4.212
1.476
20.409
14.685
3.888
27.374
4.728
1.552
7.672
2.080
175.299
422.446
0.884
18.633
375.839
38.590
2.916
400.733
206.141
449.512
92.578
117.811
0.004
4.072
444.724
15.369
52.123
78.653
160.762
75.045
82.889
8.973
14.485
56.900
102.294
144.501
472.138
624.423
996.174
13.117
22.613
53.695
133.504
1.596
6.264
6.984
10.897
604.282
847.833
113.427
56.600
53.855
102.270
128.508
3.940
305.787
89.078
88.382
104.207
41.031
96.170
3.444
13.277
2.460
295.770
8.397
8.557
0.804
2.316
238.239
10.413
120.576
35.042
151.577
123.504
58.088
212.673
260.232
3.312
1.788
3.384
426.323
48.643
216.526
100.834
50.331
55.907
153.498
69.596
155.754
10.873
200.629
477.350
384.172
4.360
6.348
4.600
4.856
7.376
7.328
25.594
124.780
123.344
116.931
155.378
123.156
31.610
68.024
113.911
148.321
34.746
1.820
582.352
0.020
6.328
432.219
68.228
159.026
171.931
7.932
20.481
37.898
6.924
288.490
8.145
11.041
15.785
244.331
240.171
53.831
507.740
171.319
20.269
20.069
338.529
542.206
91.326
397.165
688.387
57.700
142.953
287.702
191.040
102.750
740.138
933.442
25.854
36.342
41.999
102.690
164.890
111.739
24.198
14.721
155.974
32.714
208.161
416.742
339.113
288.506
21.781
118.171
278.033
194.000
413.398
469.349
0.004
