0 	0
5 	1
12 	2
16 	3
22 	4
29 	5
30 	6
35 	7
39 	8
44 	9
47 	11
48 	12
49 	13
51 	14
54 	15
56 	16
58 	19
59 	20
63 	21
64 	22
65 	23
66 	25
68 	26
69 	28
70 	32
71 	33
72 	35
73 	36
74 	37
75 	38
76 	39
78 	42
79 	49
80 	51
81 	52
82 	53
85 	54
86 	56
88 	57
89 	58
90 	59
92 	69
94 	70
95 	72
96 	76
97 	79
98 	83
99 	86
100 	89
101 	90
102 	92
103 	93
104 	97
105 	101
109 	103
110 	105
111 	112
113 	114
114 	117
115 	118
116 	119
117 	121
120 	124
121 	125
122 	129
123 	134
124 	143
125 	145
126 	149
127 	152
128 	154
131 	156
132 	160
133 	161
134 	165
136 	172
137 	176
138 	192
139 	195
140 	201
141 	207
142 	209
144 	213
145 	215
147 	217
148 	234
149 	239
150 	241
151 	245
152 	261
153 	268
154 	279
155 	288
157 	289
158 	296
159 	306
160 	339
161 	340
162 	376
163 	385
164 	398
165 	401
166 	414
167 	417
168 	423
169 	427
170 	432
171 	433
172 	445
173 	450
174 	470
175 	473
176 	478
177 	508
178 	525
179 	537
180 	543
181 	555
182 	583
183 	605
184 	625
185 	689
186 	732
187 	741
188 	803
189 	840
190 	848
191 	934
192 	997
