0 	0
7 	1
15 	2
19 	3
23 	4
26 	5
28 	6
30 	7
31 	8
35 	10
40 	11
43 	12
44 	13
48 	14
50 	16
51 	17
52 	18
55 	19
57 	20
58 	22
59 	23
61 	24
63 	25
66 	26
67 	27
68 	28
69 	35
70 	36
72 	38
73 	39
77 	42
78 	43
79 	49
82 	51
84 	54
85 	59
86 	60
89 	62
90 	66
91 	75
92 	78
93 	79
94 	82
96 	90
98 	94
99 	95
100 	96
101 	98
102 	101
103 	102
104 	107
108 	108
109 	112
110 	113
111 	121
112 	127
114 	129
115 	131
116 	140
117 	141
119 	149
120 	158
121 	161
123 	167
124 	170
125 	172
126 	178
127 	180
128 	181
129 	189
130 	211
131 	219
132 	244
133 	248
134 	251
135 	254
136 	260
137 	271
138 	279
139 	280
140 	281
141 	285
142 	304
143 	312
144 	316
145 	318
147 	321
148 	325
149 	378
150 	381
151 	386
152 	404
153 	440
154 	462
155 	464
156 	472
157 	478
158 	484
159 	492
160 	509
161 	517
162 	522
163 	524
164 	526
165 	529
166 	541
167 	549
168 	552
169 	570
170 	614
171 	616
172 	628
173 	642
174 	643
175 	651
176 	652
177 	663
178 	710
179 	713
180 	726
181 	730
182 	743
183 	756
184 	822
185 	826
186 	843
187 	870
188 	888
189 	977
190 	1061
191 	1065
192 	1115
193 	1147
194 	1148
195 	1173
196 	1181
197 	1449
198 	1508
199 	1588
200 	1631
201 	1652
202 	1658
203 	1700
204 	1775
205 	1779
206 	1937
207 	1962
208 	1964
209 	2043
210 	2640
211 	2677
212 	2755
213 	3243
214 	3379
215 	3428
216 	3693
217 	3695
218 	3873
219 	4267
220 	4300
221 	4806
222 	5218
223 	5497
224 	5561
225 	5679
