0 	0
6 	1
12 	2
20 	3
23 	4
24 	5
28 	6
31 	8
32 	9
34 	10
36 	11
37 	12
40 	13
41 	14
46 	15
51 	16
53 	17
57 	20
58 	22
62 	23
64 	25
65 	27
66 	28
67 	29
68 	30
70 	32
71 	34
73 	35
74 	36
76 	40
78 	41
80 	42
82 	45
83 	46
84 	48
85 	50
86 	51
87 	53
88 	55
90 	56
91 	61
93 	63
94 	64
95 	66
96 	67
97 	68
98 	70
99 	73
100 	75
101 	82
102 	84
103 	86
104 	89
105 	100
106 	102
108 	103
109 	107
110 	111
112 	112
113 	113
114 	114
115 	115
117 	118
119 	124
120 	130
121 	141
123 	142
125 	154
126 	159
127 	165
128 	167
129 	171
130 	175
131 	177
132 	178
133 	189
134 	193
135 	235
137 	239
138 	248
139 	254
140 	261
141 	277
143 	280
144 	281
145 	286
146 	287
147 	288
148 	290
149 	293
150 	307
151 	308
152 	317
153 	331
154 	343
155 	345
156 	363
157 	378
158 	382
159 	386
160 	408
161 	417
162 	424
163 	426
164 	434
165 	468
166 	474
167 	481
168 	523
169 	532
170 	534
171 	535
172 	555
173 	562
174 	569
175 	579
176 	601
177 	609
178 	614
179 	637
180 	658
181 	687
182 	693
183 	732
184 	776
185 	787
186 	794
187 	825
188 	843
189 	855
190 	872
191 	919
192 	941
193 	956
194 	993
195 	996
196 	1131
197 	1290
198 	1304
199 	1319
200 	1363
201 	1460
202 	1506
203 	1616
204 	1676
205 	1693
206 	1813
207 	1846
208 	1895
209 	2073
210 	2188
211 	2267
212 	2333
213 	2340
214 	2839
215 	2967
216 	2996
217 	3309
218 	3350
219 	3502
220 	3658
221 	3845
222 	4579
223 	4705
224 	4949
225 	5198
226 	5832
