0 	0
3 	1
5 	2
9 	3
13 	5
15 	6
20 	7
26 	8
27 	9
29 	10
30 	11
32 	12
37 	13
39 	15
40 	16
41 	18
43 	19
46 	20
47 	22
48 	23
49 	24
50 	25
52 	27
53 	29
54 	30
55 	31
56 	33
57 	34
59 	37
60 	39
61 	40
62 	43
64 	45
66 	52
67 	54
68 	55
70 	56
71 	61
72 	67
73 	74
74 	75
76 	80
77 	84
79 	85
81 	86
82 	87
83 	90
84 	94
85 	95
86 	96
87 	97
88 	98
90 	102
91 	104
92 	106
93 	107
94 	110
95 	116
96 	122
97 	132
98 	137
99 	153
100 	156
101 	157
102 	160
103 	171
104 	177
105 	181
106 	184
107 	187
108 	189
110 	200
111 	202
112 	205
113 	206
115 	210
116 	222
117 	233
118 	236
119 	242
120 	250
121 	259
122 	261
123 	262
124 	263
125 	271
126 	272
127 	275
128 	276
129 	277
130 	290
132 	295
133 	298
134 	304
135 	307
136 	308
137 	339
138 	349
139 	360
140 	361
141 	385
142 	393
143 	415
144 	420
145 	421
146 	429
147 	436
148 	440
149 	481
150 	483
151 	540
152 	546
153 	552
154 	570
155 	577
156 	579
157 	586
158 	594
159 	598
160 	640
161 	675
162 	692
163 	712
164 	713
165 	719
166 	732
167 	758
168 	775
169 	834
170 	853
171 	859
172 	887
173 	905
174 	946
175 	986
