25.5
137.0
445.3
753.7
1399.4
2135.4
3744.5
55.5
56.6
33.3
564.5
604.5
1025.5
1071.8
234.0
389.1
2526.4
124.0
216.2
701.9
1.0
0.8
2.3
1335.7
7.6
13.7
2.4
0.9
1.0
0.3
8.3
7.7
1.4
42.1
0.7
0.4
3.8
1.1
192.1
2311.7
1.4
13.0
315.4
55.1
1.9
409.4
343.0
4217.8
153.6
247.1
0.1
1.5
1117.5
516.8
2112.3
11.3
42.5
239.7
827.5
1303.0
130.3
30.8
3580.3
12.0
15.4
48.7
35.9
405.9
1101.6
480.1
4246.7
6.4
18.7
50.3
74.8
555.8
1149.1
1.4
2.9
3.4
13.2
592.6
956.1
12.8
80.1
69.5
129.0
176.8
1.5
312.0
98.9
86.2
82.1
18.9
70.8
0.9
6.3
1.4
827.8
21.1
10.9
0.6
1.5
691.7
14.2
230.0
4432.4
65.7
235.3
163.8
27.3
1160.6
174.7
8.9
9.0
1822.4
370.0
107.0
80.9
1515.0
54.9
69.3
119.7
226.4
48.1
9.8
235.4
531.7
697.3
1.6
0.7
1.4
8.9
9.6
61.6
18.6
299.9
294.1
305.6
338.1
279.3
39.7
143.4
229.5
210.5
10.8
316.2
1.9
163.7
4671.7
0.7
7.9
419.3
108.5
101.6
90.2
186.5
12.1
51.8
10.7
383.1
9.0
16.8
33.7
424.7
392.8
73.1
1807.4
403.6
30.1
33.1
732.5
797.7
116.2
2207.4
612.2
607.5
141.9
411.7
481.6
328.9
182.7
2704.7
1319.5
1539.6
802.9
18.8
22.3
18.8
51.3
112.6
35.8
50.7
24.4
11.4
146.3
39.0
281.3
63.8
127.7
1350.9
3719.6
27.8
7.3
118.1
46.8
2985.5
345.9
402.6
0.2
