0 	0
5 	1
10 	2
13 	3
22 	4
28 	5
29 	6
30 	7
33 	8
34 	9
37 	12
39 	13
43 	14
47 	15
48 	16
51 	17
52 	18
53 	19
56 	20
58 	23
60 	24
62 	26
65 	28
66 	32
67 	34
68 	35
70 	36
71 	39
72 	40
73 	41
74 	45
75 	46
76 	47
77 	48
79 	49
80 	52
81 	53
82 	54
84 	55
85 	65
88 	66
90 	68
91 	71
93 	74
94 	75
95 	76
96 	80
97 	81
98 	85
99 	87
100 	88
101 	93
102 	106
104 	108
106 	109
107 	111
109 	112
111 	113
112 	117
113 	121
114 	128
115 	130
116 	131
117 	132
118 	133
119 	135
120 	143
122 	147
123 	158
124 	163
125 	164
126 	170
127 	174
128 	175
130 	185
131 	186
132 	188
133 	199
134 	213
135 	214
136 	223
138 	231
140 	238
141 	245
142 	247
143 	264
144 	272
145 	279
146 	284
147 	295
148 	302
149 	305
150 	314
151 	330
152 	342
153 	358
154 	362
155 	374
156 	383
157 	402
158 	432
159 	452
160 	457
161 	469
162 	474
163 	503
165 	504
166 	507
167 	511
168 	520
169 	523
171 	549
172 	550
173 	556
174 	580
175 	589
176 	597
177 	604
178 	613
180 	621
181 	625
182 	635
183 	644
184 	711
185 	780
186 	808
187 	829
188 	830
189 	836
190 	885
191 	933
192 	952
193 	980
194 	1019
195 	1040
196 	1069
197 	1070
198 	1138
199 	1260
200 	1317
201 	1353
202 	1433
203 	1462
204 	1732
205 	1899
206 	1991
207 	2090
208 	2201
209 	2230
210 	2239
211 	2591
212 	2634
213 	2798
215 	2844
216 	3022
217 	3299
218 	3337
219 	3357
220 	3765
221 	3781
222 	4244
223 	4261
224 	4836
225 	5216
