32.97
83.88
184.19
376.83
736.65
1404.12
1787.84
3839.90
1649.91
444.70
23.80
1214.07
1956.34
4440.61
5632.86
1204.73
1560.37
985.64
112.52
242.53
560.70
1.06
1.42
2.07
170.13
13.95
16.05
3.09
1.04
1.18
0.18
5.15
3.72
1.76
26.28
3.18
0.26
4.44
1.44
101.04
3630.42
0.83
31.82
111.85
21.04
4.52
549.59
123.53
3505.92
3320.79
5305.80
87.56
108.46
0.22
1.82
174.85
280.36
2494.90
12.88
47.56
99.86
129.94
155.08
51.25
10.68
751.37
9.89
22.33
10.14
80.43
170.63
474.75
1697.35
4022.60
1214.62
1786.64
2.99
5.53
17.82
48.20
281.82
652.30
3772.85
1.83
5.18
66.33
10.45
565.83
1787.86
351.23
62.36
67.57
138.09
201.00
4.45
209.09
121.36
112.69
138.06
45.29
118.24
0.92
13.80
4.49
4820.15
1577.55
898.61
34.89
21.17
4064.05
0.94
5.30
2820.51
21.72
661.20
67.61
385.76
1010.55
51.37
64.71
200.00
2076.07
1435.49
1987.82
153.09
848.92
504.80
98.19
225.44
253.12
190.42
53.71
59.10
355.36
764.95
816.77
5789.74
109.87
623.38
48.68
362.37
227.92
723.20
4.25
2.44
10.66
7.74
10.96
27.85
69.41
483.68
319.79
563.94
529.10
580.31
52.01
289.17
212.30
121.46
27.71
604.67
52.99
340.29
10.09
12.86
2181.41
170.24
219.83
38.32
61.20
94.43
17.42
300.17
8.05
18.76
12.36
692.34
817.23
125.70
2984.35
400.44
14.78
11.82
696.28
936.46
131.50
564.27
926.70
31.07
107.30
215.09
171.81
174.95
592.88
1162.24
525.80
327.92
26.03
54.27
21.75
88.53
175.65
16.20
26.45
16.59
227.34
38.34
1004.18
869.97
231.39
509.20
4198.48
5.51
9.30
288.58
306.83
1337.28
454.32
0.15
