29.606
101.038
189.408
376.404
599.625
1084.668
1322.175
2702.529
3329.076
78.689
178.483
20.721
284.302
200.445
1096.117
693.863
156.994
670.910
92.018
171.655
765.440
1.304
1.408
2.336
506.052
1.396
10.089
7.908
3.040
3.920
1.128
9.669
7.704
6.200
15.613
2.668
1.456
7.440
4.304
39.286
523.489
0.528
14.757
2288.539
12.809
2.264
1139.647
293.882
3876.870
134.452
116.511
0.256
2.944
4359.172
355.086
5019.174
12.697
57.060
177.023
341.641
220.874
82.453
6.628
15.693
31.182
54.539
206.177
287.994
820.355
2607.035
11.965
34.734
132.408
303.831
3870.122
1.552
1.616
4.444
8.817
247.535
366.679
27.230
40.647
35.874
59.196
71.148
1.952
201.321
99.434
104.311
88.274
21.909
72.173
1.680
6.704
7.976
5475.034
2776.214
51.339
9.729
0.536
8.505
4075.803
24.170
891.196
58.720
66.948
196.572
93.378
358.934
629.235
21.145
47.787
4.084
3.516
1846.115
43.131
33.306
325.712
32.202
190.292
297.703
135.164
5274.902
5370.728
234.471
89.046
12.753
195.208
290.894
382.384
1.548
2.592
3.108
3.176
1.996
24.850
48.087
239.123
195.620
200.933
266.581
265.157
34.382
72.673
154.678
191.676
9.809
254.324
1.580
126.900
2.464
8.349
956.528
146.861
78.389
53.327
6.336
12.445
39.842
17.013
3883.523
245.847
8.201
15.549
15.149
224.534
278.233
55.499
694.767
138.717
17.129
9.205
385.612
554.867
97.722
4236.605
464.849
626.927
51.571
199.276
193.448
289.826
114.863
1365.593
2012.282
1044.257
557.767
10.149
9.689
13.029
31.054
76.405
17.709
2397.434
18.981
16.341
358.798
46.831
90.894
74.945
477.942
764.692
2551.123
7.352
40.191
18.349
249.592
1887.318
22.537
0.192
