0 	0
4 	1
16 	2
22 	3
27 	4
30 	5
34 	7
39 	8
43 	9
48 	10
50 	11
51 	12
55 	13
56 	14
57 	15
61 	16
62 	17
65 	18
67 	19
68 	21
70 	22
71 	23
73 	25
74 	28
75 	30
77 	32
78 	33
79 	34
81 	35
82 	36
84 	40
86 	41
87 	44
88 	47
89 	48
90 	49
92 	52
93 	54
94 	55
95 	56
96 	58
97 	59
98 	60
99 	67
100 	72
102 	73
103 	75
104 	77
106 	79
107 	83
108 	89
109 	90
110 	91
111 	93
112 	94
113 	98
114 	100
115 	102
116 	105
117 	115
118 	117
119 	127
120 	133
121 	135
122 	136
123 	139
124 	147
125 	155
126 	157
127 	172
128 	178
129 	179
130 	190
131 	191
132 	192
133 	194
135 	196
136 	197
137 	200
139 	201
140 	202
141 	207
142 	221
143 	225
144 	235
145 	240
146 	246
147 	248
148 	250
149 	255
150 	266
151 	267
152 	279
153 	285
154 	288
155 	290
156 	291
157 	294
158 	298
159 	304
160 	326
161 	342
162 	356
164 	359
165 	367
166 	377
167 	383
168 	386
169 	465
170 	478
171 	507
172 	524
173 	555
174 	558
175 	600
176 	627
177 	630
178 	671
179 	694
180 	695
181 	765
182 	766
183 	821
184 	892
185 	957
186 	1045
187 	1085
188 	1097
189 	1140
190 	1323
191 	1366
192 	1847
193 	1888
194 	2013
195 	2289
196 	2398
197 	2552
198 	2608
199 	2703
200 	2777
201 	3330
202 	3871
203 	3877
204 	3884
205 	4076
206 	4237
207 	4360
208 	5020
209 	5275
210 	5371
211 	5476
