0 	0
9 	1
15 	2
16 	3
20 	4
24 	5
27 	6
28 	7
29 	8
32 	9
33 	10
35 	11
37 	12
39 	13
43 	15
44 	16
47 	17
49 	18
50 	19
51 	20
52 	22
53 	23
54 	25
56 	26
57 	27
59 	28
61 	31
63 	33
65 	34
67 	36
68 	40
71 	41
72 	42
74 	43
77 	45
79 	47
80 	51
81 	52
82 	54
83 	55
84 	56
85 	60
87 	61
89 	64
92 	70
93 	71
95 	75
96 	78
97 	79
98 	80
99 	81
100 	82
101 	84
102 	85
103 	89
104 	91
105 	92
106 	93
107 	95
108 	98
109 	100
111 	105
112 	107
113 	109
114 	110
115 	111
116 	112
117 	116
118 	119
119 	130
120 	131
122 	132
123 	137
124 	140
125 	143
126 	152
127 	153
128 	167
129 	171
130 	172
131 	175
132 	188
133 	189
134 	202
135 	205
136 	206
137 	238
138 	241
139 	244
140 	255
141 	262
142 	264
143 	274
144 	283
145 	291
146 	293
147 	303
148 	305
149 	309
150 	314
151 	316
152 	328
153 	349
154 	365
155 	382
156 	408
157 	410
158 	419
159 	427
160 	441
161 	449
162 	457
163 	477
164 	483
165 	489
166 	492
167 	523
168 	536
169 	554
170 	561
171 	588
172 	617
173 	624
174 	640
175 	648
176 	652
177 	670
178 	677
179 	729
180 	783
181 	789
182 	807
183 	811
184 	815
185 	876
186 	1023
187 	1145
188 	1158
189 	1194
190 	1196
191 	1297
192 	1382
193 	1389
194 	1452
195 	1456
196 	1471
197 	1541
198 	1543
199 	1566
200 	1601
201 	1672
202 	1713
203 	1737
204 	1922
205 	1957
206 	2070
207 	2117
208 	2427
209 	2888
210 	3098
211 	3490
212 	3614
213 	3928
214 	4059
215 	4260
216 	4323
217 	4879
218 	5271
219 	5557
220 	5787
221 	5920
