0 	0
19 	1
28 	2
29 	3
31 	4
34 	5
40 	6
42 	7
48 	8
53 	9
55 	11
57 	12
61 	13
63 	14
64 	15
66 	16
71 	18
72 	20
74 	21
75 	22
77 	24
79 	25
80 	27
81 	28
83 	29
84 	33
86 	34
87 	35
89 	37
90 	39
91 	44
93 	46
94 	52
95 	53
96 	54
97 	57
98 	58
99 	61
101 	65
103 	69
104 	72
105 	74
107 	79
108 	80
109 	83
110 	84
111 	93
114 	99
115 	104
116 	106
117 	108
118 	109
119 	116
120 	118
121 	123
122 	127
123 	134
124 	151
125 	152
126 	153
127 	156
128 	161
129 	167
130 	171
131 	184
132 	187
133 	189
134 	198
135 	216
136 	222
137 	226
138 	244
139 	249
140 	262
141 	275
142 	278
143 	297
144 	327
145 	343
146 	348
147 	379
148 	398
149 	418
150 	465
151 	475
152 	476
153 	522
154 	548
155 	561
156 	588
157 	589
158 	611
159 	615
160 	706
161 	714
162 	716
163 	757
164 	763
165 	822
166 	832
167 	848
168 	860
169 	893
170 	1014
171 	1030
172 	1049
173 	1061
174 	1136
175 	1167
176 	1202
177 	1212
178 	1236
179 	1304
180 	1313
181 	1333
182 	1423
183 	1435
184 	1453
185 	1460
186 	1468
187 	1497
188 	1519
189 	1653
190 	1786
191 	1870
192 	1965
193 	2159
194 	2317
195 	2428
196 	2468
197 	2533
198 	2567
199 	2709
200 	2920
201 	3392
202 	3548
