0 	0
10 	1
17 	2
22 	3
28 	4
29 	7
31 	8
33 	10
34 	11
38 	12
39 	13
40 	14
43 	15
45 	16
46 	17
49 	19
51 	20
55 	21
56 	25
59 	26
61 	27
62 	28
63 	29
64 	32
65 	33
66 	34
68 	39
69 	41
71 	44
72 	46
73 	47
74 	50
75 	51
76 	52
77 	53
78 	55
80 	56
81 	57
82 	62
83 	63
84 	65
85 	71
86 	83
87 	84
88 	89
90 	96
91 	98
92 	101
93 	102
95 	108
96 	109
97 	111
98 	113
99 	118
100 	120
101 	123
102 	125
103 	127
104 	133
105 	141
106 	144
108 	149
109 	150
110 	151
111 	159
113 	162
114 	164
115 	174
116 	188
117 	193
119 	205
120 	214
122 	216
124 	229
125 	231
126 	237
127 	239
128 	251
129 	252
130 	267
131 	268
132 	269
133 	271
134 	275
135 	283
136 	289
137 	308
138 	313
139 	322
140 	332
141 	336
142 	355
143 	364
144 	384
145 	388
146 	389
147 	390
148 	400
149 	403
150 	405
152 	417
153 	422
154 	432
155 	465
156 	505
157 	512
158 	542
159 	552
160 	559
161 	560
162 	582
163 	587
164 	588
165 	590
166 	594
167 	599
168 	605
169 	617
170 	701
171 	734
172 	748
173 	771
174 	779
175 	793
176 	886
177 	923
178 	924
179 	934
180 	953
181 	978
182 	995
183 	1160
184 	1177
185 	1239
186 	1270
187 	1273
188 	1314
189 	1383
190 	1385
191 	1544
192 	1568
193 	1572
194 	1577
195 	1587
196 	1643
197 	1693
198 	1723
199 	1824
200 	1970
201 	1982
202 	1995
203 	2031
204 	2042
205 	2103
206 	2162
207 	2321
208 	2632
209 	3080
210 	3262
211 	3418
212 	3884
213 	4253
214 	4389
215 	5360
216 	5559
217 	5735
218 	5747
219 	5845
