78.44
162.07
397.56
694.66
23.51
816.71
587.32
313.84
963.51
100.80
221.28
5.48
8.30
12.85
12.04
24.51
12.27
8.71
9.68
2.76
44.08
22.30
13.86
85.54
6.24
3.84
25.94
7.50
135.28
708.21
8.18
51.85
932.27
53.32
11.72
752.88
109.91
162.03
214.02
2.38
8.66
788.15
43.26
131.94
210.66
119.90
434.04
9.28
23.17
104.49
52.51
261.70
8.82
14.48
27.75
91.35
565.60
10.00
12.85
13.62
22.19
722.69
145.26
141.61
246.54
387.91
15.75
553.65
221.03
251.05
276.58
114.56
378.10
4.87
31.87
4.20
966.06
22.07
20.97
4.53
8.52
995.05
21.74
193.51
87.47
247.94
99.63
89.27
489.87
255.26
833.26
137.73
29.27
28.19
670.19
291.25
36.51
179.00
240.83
121.65
131.60
123.27
276.37
149.15
23.83
336.40
716.22
18.61
33.48
26.34
31.99
26.90
77.86
116.29
301.79
307.91
288.09
302.63
307.60
94.40
188.89
269.40
297.11
108.19
49.04
4.70
30.33
673.12
123.91
303.04
132.64
42.70
84.93
52.10
368.92
14.10
26.44
20.08
377.48
558.47
102.97
977.44
248.11
24.14
51.89
484.97
734.08
162.49
328.36
390.26
164.09
278.76
610.65
300.90
452.88
699.34
441.98
69.18
97.43
42.33
308.07
386.75
92.65
58.83
54.78
306.41
67.15
56.90
139.41
57.50
458.67
111.58
0.16
