36.09
106.22
201.70
538.33
839.45
1898.71
2772.87
1628.34
1119.43
26.97
1275.04
1989.51
4127.83
1506.42
1125.62
558.02
83.97
85.37
827.43
2.30
4.44
1.38
2224.78
0.51
6.22
4.60
4.33
3.89
0.99
12.39
12.27
3.93
37.68
4.20
1.19
5.23
4.34
70.14
2581.08
0.83
20.77
142.46
24.64
2.50
414.71
159.82
862.98
1408.75
1940.29
86.08
113.56
3052.87
0.88
5.39
151.34
228.18
1639.31
13.58
42.90
143.16
68.20
118.99
45.87
9.14
596.60
9.56
9.64
45.45
51.26
95.09
751.00
1375.91
1442.45
2154.73
3.68
6.75
15.06
38.47
238.33
811.15
2760.45
1.74
11.39
13.20
10.10
388.74
1521.28
382.86
52.09
52.44
102.64
142.70
5.06
256.00
95.39
84.49
115.57
33.81
98.73
1.80
11.95
4.46
1787.13
512.14
18.79
9.08
3238.81
0.74
4.26
413.34
17.41
395.54
40.65
184.82
39.46
12.54
517.97
237.94
213.63
123.41
8.26
131.97
2363.16
422.73
26.79
161.24
773.27
83.61
48.64
57.54
285.17
458.29
456.86
3915.47
82.23
50.35
38.98
441.26
767.93
1157.78
4.65
3.52
12.78
7.53
4.91
46.33
50.65
233.27
121.20
450.78
135.44
223.34
52.19
90.83
135.85
507.12
13.87
384.71
16.07
248.16
2.55
11.47
3108.81
137.79
130.84
26.51
39.83
52.22
22.58
4623.18
216.61
2621.64
10.10
21.79
19.59
492.11
726.58
84.05
757.16
521.88
23.06
13.32
679.16
1156.93
120.33
555.85
928.89
53.27
170.31
256.37
153.11
118.78
728.53
651.04
561.52
672.24
19.71
42.89
26.67
78.77
164.59
38.89
28.06
14.06
159.18
48.86
743.26
763.16
205.49
499.65
3455.41
1.15
42.84
3.68
88.52
341.49
1480.80
1031.54
0.12
