38.16
92.36
199.04
352.56
762.44
1720.40
2614.81
4921.05
1457.88
1578.61
23.54
1761.13
2548.53
3398.78
5315.66
886.54
570.28
715.36
101.12
101.03
527.82
0.98
1.34
1.37
1901.41
11.91
12.27
2.94
1.27
1.52
0.18
11.99
4.49
3.28
65.78
1.92
0.28
2.68
1.52
60.47
4084.71
1.26
29.83
202.70
27.84
2.67
672.96
215.45
916.25
2708.38
2425.30
117.29
119.99
4370.39
0.21
2.00
202.16
198.72
1404.18
13.03
54.11
118.00
119.11
145.27
46.57
9.56
461.06
11.64
9.07
10.29
124.56
17.39
1163.38
1419.20
5079.57
3172.23
2.75
5.36
17.07
32.74
245.58
739.17
3166.68
1.43
9.13
10.42
10.25
402.52
1701.00
522.96
50.37
54.04
94.12
138.18
4.37
369.80
106.38
97.25
111.04
38.23
96.65
0.94
15.64
3.77
3922.15
1328.84
914.73
18.28
16.17
3663.91
0.71
3.92
434.47
16.07
532.74
20.07
32.88
31.78
35.87
44.18
18.47
79.42
535.93
131.86
67.00
2799.04
559.10
115.82
217.85
276.30
442.70
53.95
52.38
1054.21
450.02
424.95
3554.64
104.01
60.06
38.61
482.30
235.42
1307.14
1.58
1.44
5.90
4.86
7.51
29.12
105.23
159.91
284.88
613.08
156.01
152.54
57.95
177.36
378.70
355.98
22.46
510.46
40.80
547.14
20.64
13.52
5185.95
177.16
179.19
26.31
44.49
67.21
19.97
316.96
8.65
25.42
17.51
631.13
775.15
89.19
2030.61
366.83
19.63
9.44
644.17
935.61
104.83
621.99
633.57
49.35
144.44
326.66
181.56
115.23
707.88
1536.78
489.76
308.09
14.99
56.48
12.23
63.17
224.95
23.85
29.68
23.06
144.67
37.40
40.97
305.92
217.61
484.23
3023.38
10.46
1.61
184.16
11.72
457.05
370.42
4813.94
450.98
0.13
