44.89
159.27
253.87
432.60
724.52
1547.42
2244.19
4059.86
792.81
822.78
18.28
1153.48
1003.76
2458.89
2825.82
711.19
536.45
789.57
139.10
113.04
504.93
0.97
1.39
2.10
1479.50
4.87
12.50
2.54
1.40
1.77
0.20
8.00
15.73
4.94
46.79
3.46
0.28
3.31
1.84
51.44
2902.74
1.34
22.29
113.30
23.16
3.00
694.11
211.87
837.72
1292.24
2171.13
156.69
161.85
5016.41
0.22
2.28
287.23
245.57
1422.14
14.04
62.77
105.58
81.18
144.84
49.88
9.00
560.29
14.66
13.84
52.90
68.11
174.93
284.11
1679.70
2273.14
2.68
4.83
12.47
33.93
193.52
769.68
2532.93
1.60
9.35
10.85
11.84
403.80
975.05
287.89
49.87
47.84
81.41
110.73
4.50
250.02
93.60
102.99
91.27
36.57
89.05
1.07
14.79
3.63
1384.23
847.46
21.47
10.97
2795.66
0.93
3.50
2644.18
17.60
1088.86
49.12
64.45
68.18
72.68
292.34
123.06
15.46
744.12
100.84
251.89
2726.43
790.27
20.50
220.75
784.69
335.48
61.83
47.61
958.52
473.98
446.62
3685.19
96.89
46.85
37.50
388.42
232.57
615.19
4.67
11.70
7.14
14.48
14.38
27.26
75.90
275.63
172.81
439.52
461.87
445.38
52.95
131.98
269.55
301.25
17.31
558.40
51.42
396.18
54.68
12.30
2201.00
160.28
133.28
31.40
40.48
84.67
19.97
347.10
2609.22
10.69
23.89
14.00
254.59
405.96
87.34
1772.34
256.02
20.14
10.56
569.98
521.41
80.54
469.27
603.29
81.82
165.70
256.37
159.08
119.91
612.56
1152.09
417.68
552.99
34.94
57.36
12.80
101.59
180.07
19.41
28.20
22.18
240.50
40.55
629.71
956.42
195.25
549.59
2948.88
2.12
40.71
17.07
2.40
892.43
204.10
1199.10
5394.63
0.15
