0 	0
14 	1
18 	2
21 	3
24 	4
28 	5
29 	7
31 	8
32 	9
34 	10
39 	11
40 	12
42 	13
43 	14
46 	15
48 	16
49 	17
50 	18
51 	19
55 	20
57 	21
60 	22
62 	23
64 	24
66 	27
67 	29
68 	32
70 	34
71 	36
73 	42
75 	44
76 	45
78 	46
80 	48
82 	50
83 	55
84 	56
85 	59
87 	61
88 	62
89 	70
90 	84
91 	87
92 	89
93 	90
94 	91
96 	93
97 	94
98 	96
99 	101
100 	105
101 	106
102 	117
103 	120
104 	121
105 	124
107 	127
108 	131
109 	132
110 	135
111 	137
112 	138
113 	139
114 	143
115 	146
116 	152
117 	156
118 	162
119 	163
120 	165
121 	169
122 	173
123 	176
125 	187
126 	189
127 	194
129 	198
130 	199
132 	201
133 	204
134 	208
135 	209
136 	212
137 	230
138 	241
139 	243
140 	259
142 	266
143 	272
144 	294
145 	304
146 	309
147 	330
148 	342
149 	356
150 	369
151 	385
152 	389
153 	394
154 	411
155 	428
156 	435
157 	436
158 	439
159 	447
160 	482
161 	496
162 	520
163 	525
164 	528
165 	559
166 	562
167 	565
168 	584
169 	595
170 	618
171 	632
172 	651
173 	656
174 	730
175 	766
176 	781
177 	824
178 	830
179 	855
180 	856
181 	860
182 	903
183 	995
184 	1031
185 	1055
186 	1117
187 	1137
188 	1163
189 	1197
190 	1234
191 	1296
192 	1330
193 	1343
194 	1415
195 	1436
196 	1472
197 	1514
198 	1533
199 	1564
200 	1566
201 	1853
202 	1962
204 	2023
205 	2045
206 	2084
207 	2149
208 	2151
209 	2239
210 	2388
211 	2540
212 	2886
213 	2981
214 	3810
215 	3834
216 	3982
217 	4392
218 	5444
219 	5633
