0 	0
6 	1
11 	2
14 	3
19 	4
28 	5
31 	6
33 	7
34 	8
35 	9
39 	10
41 	11
44 	12
48 	13
52 	14
53 	15
54 	16
55 	17
56 	18
57 	19
59 	20
60 	21
61 	22
62 	23
63 	24
64 	25
68 	27
69 	29
70 	34
71 	37
72 	38
75 	39
77 	40
78 	41
81 	43
83 	46
84 	47
86 	49
88 	51
89 	52
93 	53
94 	54
95 	58
96 	69
97 	71
98 	79
99 	83
101 	84
103 	85
104 	86
105 	87
106 	89
107 	91
109 	96
110 	99
111 	103
112 	107
113 	114
114 	116
116 	119
117 	121
118 	122
119 	124
120 	131
121 	132
123 	136
124 	138
126 	143
127 	144
128 	152
129 	154
131 	160
132 	162
133 	165
134 	171
135 	185
136 	202
137 	206
138 	214
139 	217
140 	224
141 	229
142 	234
143 	238
144 	239
145 	249
147 	257
148 	286
149 	342
150 	383
151 	385
152 	389
153 	396
154 	414
155 	415
156 	423
157 	442
158 	451
159 	457
160 	459
161 	493
162 	500
163 	508
164 	513
165 	518
166 	522
167 	539
168 	556
169 	559
170 	562
171 	597
172 	652
173 	673
174 	680
175 	727
176 	729
177 	744
178 	752
179 	758
180 	764
181 	768
182 	774
183 	812
184 	828
185 	840
186 	863
187 	929
188 	1032
189 	1120
190 	1126
191 	1157
192 	1158
193 	1276
194 	1376
195 	1409
196 	1443
197 	1481
198 	1507
199 	1522
200 	1629
201 	1640
202 	1788
203 	1899
204 	1941
205 	1990
206 	2155
207 	2225
208 	2364
209 	2582
210 	2622
211 	2761
212 	2773
213 	3053
214 	3109
215 	3239
216 	3456
217 	3916
218 	4128
219 	4624
