30.37
92.08
197.63
373.73
776.90
1375.97
2019.84
5475.10
1911.33
1651.74
23.19
1172.22
1676.07
4856.82
1151.57
574.32
670.63
74.53
77.80
519.60
1.05
1.58
1.21
1998.09
9.57
5.48
4.14
1.36
1.66
0.19
8.59
16.37
1.62
49.87
1.28
0.29
2.31
1.75
70.38
2616.64
0.82
26.60
156.56
21.49
2.44
475.55
146.48
2047.04
1286.70
2631.55
87.51
137.56
5252.92
0.21
2.18
304.72
223.26
2427.70
5992.24
12.73
57.31
128.26
76.94
98.43
44.81
8.89
581.05
5.24
9.55
1.28
86.38
80.19
1040.28
1961.66
2363.25
2.65
6.63
16.08
41.22
251.68
793.75
2970.96
1.50
9.90
11.27
10.14
391.71
1460.44
437.93
49.10
51.16
83.91
119.63
3.12
253.51
82.77
83.66
105.23
30.47
100.70
0.88
10.79
12.73
4835.94
1953.10
501.93
15.59
8.36
0.66
3.71
501.37
14.68
802.77
30.42
35.11
31.33
117.29
639.24
37.51
489.82
1467.83
713.72
14.24
623.51
676.72
56.28
70.16
351.10
115.83
46.77
50.52
548.67
443.14
430.66
3841.86
98.05
59.28
37.52
339.54
530.46
856.21
4.74
7.96
4.56
16.18
19.95
112.70
89.42
503.02
521.00
268.87
277.93
545.79
48.46
185.96
344.17
245.31
29.50
715.98
225.72
569.54
2.58
10.90
4534.88
144.89
181.75
21.85
33.88
66.22
16.86
239.68
4536.69
9.90
18.79
15.34
734.33
997.87
80.62
3912.13
348.75
15.64
8.84
723.32
1361.05
113.11
578.63
837.36
51.68
169.68
284.73
182.80
102.84
709.79
1557.05
554.81
404.85
30.05
41.37
17.65
68.88
240.31
23.01
26.15
13.32
159.78
38.95
633.58
911.13
280.09
423.63
2119.68
12.86
48.10
24.59
280.87
971.40
554.35
3195.02
0.14
