0 	0
6 	1
14 	2
24 	3
28 	4
30 	5
31 	6
32 	8
33 	9
34 	10
38 	11
40 	12
43 	13
47 	14
49 	15
51 	17
53 	19
54 	23
55 	24
58 	25
59 	27
60 	28
61 	29
64 	35
65 	36
68 	37
70 	39
73 	44
74 	45
76 	46
77 	47
78 	49
79 	50
81 	52
82 	56
84 	57
85 	62
86 	65
87 	67
88 	70
89 	75
90 	76
91 	79
92 	80
93 	82
94 	85
95 	89
96 	93
97 	96
98 	97
99 	99
100 	100
101 	102
102 	106
103 	109
105 	110
106 	114
107 	116
109 	117
110 	130
111 	133
112 	134
114 	135
115 	137
116 	138
117 	139
118 	140
119 	144
120 	148
121 	152
122 	153
123 	156
124 	157
125 	162
126 	170
127 	171
128 	178
130 	180
131 	188
132 	189
133 	193
135 	198
136 	206
137 	224
138 	228
139 	237
141 	257
142 	263
143 	273
144 	288
145 	300
146 	307
147 	311
148 	325
149 	343
150 	345
151 	352
152 	376
153 	377
154 	379
155 	394
156 	403
157 	413
158 	415
159 	416
160 	421
161 	423
162 	427
163 	454
164 	464
165 	465
166 	480
167 	497
168 	503
169 	529
170 	540
171 	566
173 	568
174 	577
175 	593
176 	605
177 	627
178 	657
180 	703
181 	719
182 	773
183 	803
184 	853
185 	863
186 	873
187 	874
188 	881
189 	887
190 	894
191 	962
192 	963
193 	970
194 	1012
195 	1050
196 	1070
197 	1092
198 	1175
199 	1231
200 	1298
201 	1399
202 	2142
203 	2242
204 	2262
205 	2430
206 	2471
207 	2523
208 	2689
209 	2806
210 	2848
211 	2934
212 	3081
213 	3085
214 	3191
215 	3456
216 	3685
217 	3906
218 	3922
219 	4280
220 	4301
221 	5082
222 	5461
