0 	0
6 	1
11 	2
15 	3
20 	4
22 	5
26 	6
31 	7
32 	8
33 	9
35 	11
37 	12
41 	14
44 	15
48 	16
50 	17
52 	19
53 	20
54 	21
55 	22
57 	23
58 	24
59 	26
62 	27
64 	28
65 	29
66 	30
67 	32
68 	33
69 	39
70 	40
73 	41
76 	42
77 	45
78 	46
79 	47
81 	52
82 	54
83 	57
85 	64
86 	65
87 	66
88 	68
90 	70
91 	73
92 	76
93 	82
94 	86
96 	88
97 	89
101 	91
102 	92
103 	94
104 	104
105 	108
106 	110
107 	111
108 	117
109 	124
110 	129
111 	130
112 	135
113 	138
114 	145
116 	146
117 	151
118 	157
119 	161
120 	171
121 	175
122 	188
123 	196
125 	197
126 	198
129 	200
131 	202
132 	205
133 	206
134 	207
135 	210
136 	220
137 	226
138 	233
139 	252
140 	259
141 	263
142 	266
143 	271
144 	272
145 	281
146 	286
147 	294
148 	299
149 	304
150 	313
151 	318
152 	332
153 	341
155 	344
156 	359
157 	377
158 	390
159 	396
160 	443
161 	446
162 	466
163 	479
164 	485
165 	505
166 	537
167 	574
169 	598
170 	602
171 	604
172 	610
173 	612
175 	614
176 	657
177 	658
178 	670
179 	718
180 	721
181 	761
182 	768
183 	807
185 	818
186 	832
187 	861
188 	866
189 	921
190 	929
191 	942
192 	967
193 	1054
194 	1076
195 	1098
196 	1152
197 	1203
198 	1427
199 	1445
200 	1453
201 	1576
202 	1708
203 	1816
204 	1832
205 	1863
206 	2053
207 	2092
208 	2109
209 	2170
210 	2326
211 	2362
212 	2595
213 	2619
214 	2648
215 	2769
216 	2797
217 	3187
218 	3420
219 	3442
220 	3672
221 	3868
222 	3918
223 	4061
224 	4195
225 	4840
226 	5146
227 	5406
