0 	0
6 	1
15 	2
19 	3
21 	4
23 	5
28 	6
29 	8
31 	10
37 	11
41 	12
43 	13
47 	14
49 	15
51 	16
53 	18
54 	19
56 	20
57 	21
58 	23
60 	24
61 	25
62 	26
64 	27
65 	28
66 	32
67 	34
68 	35
69 	37
72 	39
73 	40
74 	41
75 	42
76 	43
77 	44
80 	50
81 	51
82 	58
84 	59
85 	60
86 	61
87 	67
88 	74
89 	76
90 	82
92 	83
93 	84
95 	86
97 	89
98 	91
99 	95
100 	96
101 	98
103 	99
104 	100
105 	104
106 	105
107 	107
108 	109
109 	115
110 	117
111 	118
112 	119
113 	121
114 	126
116 	130
117 	131
118 	135
119 	143
120 	145
121 	147
125 	156
126 	164
127 	165
128 	166
129 	170
130 	175
131 	191
132 	197
133 	218
134 	220
135 	233
136 	243
137 	245
138 	257
139 	259
140 	262
141 	263
142 	264
143 	269
144 	273
145 	279
147 	286
148 	288
149 	303
150 	307
151 	310
152 	362
153 	369
154 	385
155 	394
156 	415
157 	416
158 	418
159 	423
160 	425
161 	434
162 	454
163 	457
164 	463
165 	465
166 	473
167 	479
168 	512
169 	515
170 	526
171 	541
173 	556
174 	571
175 	573
179 	587
180 	615
181 	619
182 	625
183 	638
184 	654
185 	656
186 	666
187 	668
188 	721
189 	742
190 	748
191 	781
192 	782
193 	822
194 	842
195 	927
196 	930
197 	995
198 	1018
199 	1152
200 	1200
201 	1211
202 	1283
203 	1319
204 	1341
205 	1804
206 	1994
207 	2010
208 	2111
209 	2323
210 	2640
211 	2686
212 	2688
213 	2755
214 	2777
215 	2827
216 	3224
217 	3455
218 	3566
219 	3596
220 	3987
221 	4325
222 	4652
