265.88
222.22
342.35
586.42
1072.80
1564.65
2433.26
4319.73
281.43
302.13
37.35
1479.61
1890.00
3964.05
5806.21
1861.47
1247.37
787.45
201.49
238.57
774.40
1.03
1.06
1.89
768.01
13.07
12.09
4.20
0.39
0.73
0.09
4.70
5.04
1.96
41.15
2.38
0.14
3.78
0.91
70.84
2099.19
2.06
23.45
582.95
23.79
5.63
1099.93
186.74
1249.63
1881.34
2740.18
183.97
126.78
0.15
2.36
509.04
293.35
3318.60
16.06
54.76
161.65
308.90
607.99
103.02
205.21
1015.41
7.08
38.13
14.76
42.90
360.32
224.86
537.85
3907.18
4.27
12.70
27.65
70.24
490.81
1166.48
3929.24
2.99
15.09
17.32
9.64
321.65
846.00
59.73
50.30
51.79
91.14
102.75
6.09
289.68
190.97
173.61
110.93
54.06
89.57
1.17
12.42
33.98
2264.11
796.92
39.87
10.36
1.57
10.03
606.80
17.34
206.03
4788.64
57.12
32.34
77.60
48.04
347.31
281.59
1193.99
273.48
438.43
211.49
1554.74
2250.34
110.52
458.76
213.97
127.96
86.00
94.70
335.77
666.61
733.99
5091.35
123.85
68.24
65.52
384.10
492.91
1602.98
1.05
5.36
1.24
3.66
12.96
4.13
23.40
329.00
249.76
164.64
218.88
281.55
60.20
146.32
216.22
408.40
11.48
544.01
94.98
175.00
178.97
8.71
2294.11
193.93
285.62
34.87
45.39
56.77
89.84
335.80
10.46
21.42
24.03
1036.45
1348.88
91.35
2522.94
934.48
33.85
33.71
885.35
1592.76
174.65
1290.92
1852.84
42.63
165.38
254.00
258.07
150.51
859.91
2251.57
953.06
862.00
21.31
28.81
23.54
53.10
119.55
29.71
15.92
50.58
636.85
90.97
781.79
735.39
695.94
433.77
2004.74
9.76
25.39
74.42
37.33
15.28
894.40
176.58
2169.97
0.14
