39.63
92.13
115.21
447.36
787.95
1426.46
2107.07
4296.57
1213.90
510.65
23.65
1709.26
2117.89
5038.19
3940.87
1606.48
2543.85
3323.73
30.72
82.98
1535.42
0.92
0.71
1.79
498.15
7.83
13.80
2.06
0.36
0.66
0.09
10.66
10.15
1.88
41.45
5.62
0.13
8.97
0.74
72.86
1860.02
1.50
28.35
726.14
36.88
1.88
786.12
141.36
693.78
1556.03
902.56
89.29
323.58
4795.88
0.14
1.56
242.81
1091.95
21.40
118.18
139.53
89.28
187.32
51.08
9.19
872.56
19.55
35.16
6.11
148.38
252.38
2109.74
1182.13
4174.48
3.64
10.80
31.73
108.74
808.73
2807.75
1.39
9.83
39.37
12.14
466.44
1825.78
674.27
53.64
54.29
94.71
132.98
3.59
238.38
96.84
87.84
106.47
33.66
96.65
1.16
14.22
6.28
1548.56
915.50
17.47
9.20
3936.83
0.92
8.79
579.50
15.08
210.52
4918.22
193.42
106.69
62.40
89.92
107.92
199.27
67.98
528.75
51.54
12.90
706.39
2278.21
86.10
208.97
303.36
198.34
57.66
65.60
690.77
927.91
1023.77
148.99
33.80
81.93
428.25
638.44
854.28
4.76
6.25
8.66
13.73
12.28
60.50
33.39
618.84
210.31
248.40
390.86
445.44
36.15
102.51
302.11
129.25
16.36
738.30
4.05
569.68
1.67
5.27
4711.40
174.75
278.72
60.86
20.34
39.89
30.62
347.11
30.66
7.20
18.88
24.68
603.74
1096.47
106.69
3162.31
701.30
23.34
13.42
1171.53
1696.47
145.19
829.47
1528.29
43.09
161.50
305.80
261.48
107.30
1037.65
2639.03
902.51
1215.45
32.53
39.44
57.76
91.73
137.81
79.21
23.01
10.19
180.42
30.75
441.20
860.02
160.35
270.94
1939.78
3.01
23.54
62.15
10.92
1282.13
142.98
805.93
0.14
