0 	0
1 	1
3 	3
4 	4
8 	5
9 	6
10 	7
11 	8
17 	9
19 	10
20 	11
21 	12
25 	13
27 	14
29 	15
30 	16
31 	19
33 	21
34 	22
37 	23
40 	24
42 	25
43 	26
46 	27
47 	28
48 	29
49 	30
50 	31
52 	32
53 	34
54 	37
56 	43
57 	44
58 	45
59 	50
61 	52
63 	53
64 	54
65 	55
66 	57
67 	58
68 	59
69 	68
70 	70
71 	78
72 	79
73 	85
74 	86
75 	88
76 	90
77 	92
78 	93
79 	95
80 	98
81 	100
82 	101
83 	103
84 	105
85 	109
86 	110
87 	112
88 	115
89 	117
90 	120
91 	122
93 	124
95 	132
96 	133
97 	136
98 	138
99 	140
100 	142
101 	146
102 	150
105 	163
106 	165
107 	180
108 	189
109 	194
110 	211
111 	215
113 	222
114 	241
115 	247
116 	248
117 	249
118 	252
119 	256
120 	262
121 	270
123 	277
124 	279
125 	289
126 	292
127 	298
128 	301
129 	302
130 	303
131 	304
132 	307
134 	308
135 	309
136 	314
137 	329
138 	337
139 	369
140 	378
141 	379
142 	387
143 	388
144 	391
145 	398
146 	435
147 	442
148 	453
149 	459
150 	485
151 	490
152 	554
153 	559
154 	566
155 	588
156 	611
157 	671
158 	674
159 	695
160 	700
161 	709
162 	717
163 	723
164 	735
165 	753
166 	789
167 	817
168 	834
169 	933
170 	964
171 	967
172 	978
173 	996
