40.25
120.00
147.55
283.02
510.82
1096.02
1390.43
2628.32
4293.20
928.70
255.10
22.80
687.28
1341.36
2839.75
2612.42
731.83
622.49
519.84
99.79
128.00
495.60
0.92
1.47
2.35
2159.46
8.69
11.24
3.04
1.50
1.76
0.20
5.29
19.13
2.42
37.15
1.19
0.29
3.39
1.72
49.10
3294.52
1.34
38.47
262.14
24.47
4.08
938.79
242.27
869.41
1465.39
2661.00
97.84
129.50
4834.72
0.22
2.30
165.39
244.76
2325.34
14.46
51.12
151.17
98.57
161.85
46.59
10.02
521.12
15.64
37.01
50.38
23.16
249.88
972.50
1908.17
510.57
3356.89
2.40
5.61
14.04
38.07
208.98
733.45
3330.12
1.36
9.29
10.72
11.67
337.32
1306.74
411.32
47.51
50.75
82.87
130.54
6.85
292.01
104.84
109.06
102.20
37.46
87.03
1.05
16.84
3.93
4526.25
934.74
493.55
20.67
12.36
2532.75
0.66
3.82
509.68
13.06
479.83
124.12
89.93
352.25
13.80
57.12
146.65
40.85
617.85
244.66
277.48
1048.92
319.38
52.70
122.34
365.99
328.47
57.30
60.56
1010.97
469.65
437.88
3478.11
114.87
45.46
36.52
473.95
231.74
839.86
2.10
6.24
2.99
21.65
23.36
159.40
105.28
154.25
636.86
191.96
590.25
617.21
81.48
115.54
168.11
438.68
28.60
586.99
38.18
434.90
5.36
14.35
2010.23
159.84
134.74
26.83
41.08
75.98
26.90
318.29
2996.52
10.44
24.35
15.47
423.76
461.41
65.61
1049.54
316.00
17.71
10.02
457.45
619.47
82.39
4182.26
395.94
649.26
45.16
157.41
223.07
154.47
179.16
573.65
1119.43
402.61
603.26
27.69
59.37
13.30
82.59
225.55
17.67
30.46
23.55
154.93
40.16
798.70
959.35
168.51
349.95
2066.20
25.72
114.44
102.81
73.86
845.24
774.94
5673.77
0.14
