0 	0
7 	1
14 	2
23 	3
26 	4
28 	5
30 	6
31 	7
32 	8
33 	9
36 	10
41 	11
42 	12
44 	13
47 	14
49 	15
51 	16
54 	17
57 	18
58 	19
59 	21
62 	22
63 	23
64 	26
65 	27
66 	29
68 	31
69 	33
71 	35
72 	37
73 	38
75 	40
76 	42
77 	43
79 	44
80 	45
81 	47
82 	48
84 	50
85 	52
88 	53
90 	56
92 	59
93 	63
94 	64
95 	65
96 	79
97 	81
99 	86
100 	87
101 	90
102 	93
103 	94
104 	97
107 	98
108 	101
109 	103
111 	104
112 	108
113 	120
114 	123
115 	127
116 	130
117 	131
118 	138
119 	142
120 	149
122 	151
123 	158
124 	160
125 	161
126 	166
127 	167
128 	169
130 	177
131 	180
132 	189
133 	205
134 	207
135 	225
136 	226
137 	228
138 	229
139 	240
140 	241
141 	247
142 	258
143 	259
144 	272
145 	277
146 	279
147 	302
148 	313
149 	315
150 	327
151 	330
152 	359
153 	363
154 	373
155 	408
156 	429
157 	431
158 	440
159 	450
160 	451
162 	455
163 	462
164 	463
165 	466
166 	470
167 	490
168 	491
169 	499
170 	513
171 	562
172 	576
173 	590
174 	591
175 	614
176 	618
177 	620
178 	627
179 	687
180 	696
181 	705
182 	713
183 	740
184 	742
185 	748
186 	803
187 	903
188 	918
189 	945
190 	979
191 	1055
192 	1056
193 	1083
194 	1106
195 	1238
196 	1360
197 	1436
198 	1443
199 	1477
200 	1643
201 	1769
202 	1883
203 	1899
204 	1966
205 	2039
206 	2048
207 	2147
208 	2331
209 	2469
210 	2525
211 	2534
212 	2648
213 	2728
214 	2772
215 	2820
216 	3390
217 	3454
218 	3487
219 	3595
220 	4276
221 	4352
222 	4732
223 	4994
