49.22
116.76
143.13
351.44
656.81
1049.03
1398.22
2470.94
718.43
969.68
23.68
962.35
1230.52
3080.61
414.60
453.56
576.30
139.17
136.00
1174.69
0.90
1.52
2.75
873.81
11.04
3.38
2.50
1.52
1.69
0.20
3.60
18.90
2.46
38.00
4.58
0.28
2.82
1.74
51.11
3084.19
1.35
22.23
151.64
24.11
2.38
702.04
179.17
567.33
2847.56
2261.61
113.92
192.23
3684.60
0.23
2.30
187.05
256.50
2241.63
5460.83
13.87
64.30
147.33
156.91
170.21
55.40
13.42
772.87
8.29
10.66
66.31
109.97
10.70
1011.97
1297.33
2688.17
4300.49
626.92
2.27
5.61
13.65
28.16
205.22
702.90
2522.12
2.88
9.28
10.78
12.77
306.80
961.11
227.07
44.13
46.97
74.26
108.72
4.69
310.16
116.00
105.11
92.00
34.09
81.57
1.18
16.30
3.79
3190.55
2429.10
852.23
24.96
12.74
0.55
3.46
2141.07
43.99
886.02
161.14
132.36
78.58
101.05
287.79
129.01
43.33
3921.89
802.70
34.74
464.10
880.12
88.35
256.80
592.83
79.70
48.50
56.32
1091.32
420.93
426.07
3455.92
98.56
45.74
36.80
412.02
604.57
1069.24
2.34
1.75
2.77
7.78
12.46
51.84
115.86
378.83
479.12
496.28
415.05
197.96
61.68
223.01
262.14
324.11
26.02
539.91
134.44
376.51
1.72
14.46
4279.18
152.39
137.77
36.16
34.13
84.53
35.13
299.24
2933.66
11.29
27.01
14.98
463.86
528.31
99.92
893.04
179.96
16.66
13.80
393.83
567.79
95.67
3905.92
422.96
342.57
45.03
138.39
188.35
197.59
155.77
502.72
344.31
402.98
36.60
56.25
10.92
96.80
236.39
18.27
24.00
38.67
169.90
43.30
872.43
862.29
177.55
375.18
2805.57
69.80
75.56
134.93
133.61
272.89
109.01
565.32
5081.14
0.14
