0 	0
6 	1
11 	2
16 	3
21 	4
28 	5
29 	6
31 	7
32 	9
36 	10
37 	11
38 	12
43 	13
48 	15
51 	16
52 	17
54 	18
55 	19
57 	20
59 	21
61 	22
66 	25
68 	27
70 	29
71 	30
72 	32
73 	34
75 	40
77 	42
78 	43
81 	44
83 	47
84 	50
86 	54
87 	58
88 	62
89 	63
90 	64
91 	70
92 	71
93 	74
94 	75
96 	81
97 	82
98 	86
99 	91
100 	92
101 	96
102 	98
103 	101
105 	102
108 	105
109 	110
110 	113
111 	114
112 	117
113 	119
114 	131
115 	132
116 	137
117 	139
118 	141
119 	142
120 	145
121 	146
122 	162
123 	166
124 	169
125 	170
126 	173
127 	174
128 	176
129 	178
130 	181
131 	184
132 	186
133 	191
134 	192
135 	199
136 	227
137 	228
138 	234
139 	242
140 	249
141 	253
142 	256
143 	259
144 	272
145 	281
146 	300
147 	313
148 	317
149 	318
150 	339
151 	371
152 	402
153 	425
154 	426
155 	447
156 	452
157 	475
158 	480
159 	483
160 	486
161 	491
162 	505
163 	508
164 	514
165 	522
166 	528
167 	541
168 	545
169 	565
170 	590
171 	621
172 	626
173 	627
174 	629
175 	640
176 	649
177 	651
178 	659
179 	663
180 	679
181 	686
182 	689
183 	713
184 	774
185 	819
186 	851
187 	886
188 	980
189 	1031
190 	1047
191 	1102
192 	1114
193 	1142
194 	1183
195 	1192
196 	1241
197 	1307
198 	1360
199 	1363
200 	1503
201 	1541
202 	1545
203 	1618
204 	1646
205 	1654
206 	2071
207 	2099
208 	2152
209 	2188
210 	2334
211 	2525
212 	2561
213 	2637
214 	2648
215 	2703
216 	2747
217 	3243
218 	3784
219 	3786
220 	4536
221 	5666
222 	5704
223 	5852
224 	5921
