1964.23
78.0129
133.512
15.261
831.728
1135.03
2158.8
2532.69
1211.27
1332.35
186.312
151.657
3547.79
0.608038
0.452028
2.69617
587.357
7.50447
5.34433
0.912057
0.260016
0.364022
0.076004
5.59635
4.30027
1.43209
36.6023
0.576036
0.140008
0.976061
0.348021
43.8987
261.076
1.52009
11.4727
34.1061
1.88412
1518.54
56.3195
1166.34
170.275
347.602
0.072004
0.612038
225.206
847.193
24.9816
92.5858
183.107
1201.46
197.184
19.8012
5.32433
17.0971
7.26445
8.51653
38.6744
378.336
1652.02
2427.08
248.76
1.86412
6.32039
11.9167
53.0353
277.497
705.36
1785.08
0.612038
0.980061
1.20408
8.73655
221.17
342.449
17.1771
23.5735
33.3901
68.0683
57.7436
1.74411
1048.37
397.701
326.496
610.478
83.8572
150.773
0.544034
27.8697
4.7963
417.226
32.062
4.34027
0.32802
3.1722
715.509
5.79636
117.619
2316.16
78.0409
243.343
73.2646
115.531
1496.55
12.2168
756.735
6.71242
7.14045
7.29246
614.018
20.6773
475.406
1459.1
26.1696
107.319
98.4222
1060.29
1013
859.494
2708.87
23.3375
64.564
28.8658
64.644
155.194
521.269
0.448028
0.888055
1.98012
3.30421
5.86837
8.90856
17.9411
122.792
108.135
98.8862
126.004
105.563
10.3766
36.0263
45.0668
60.0518
7.49247
71.6485
1467.43
1.04007
79.777
1452.32
1.5961
8.54453
547.474
68.8643
13.9249
166.982
12.1688
52.5553
14.8369
560.339
7.80849
21.9374
12.4528
821.135
762.992
51.2672
1312.5
713.817
17.9731
10.6247
474.91
1434.72
98.9022
1029.49
2566.32
28.1258
188.98
160.11
464.421
215.577
2467.61
3391.54
1422.72
892.256
13.0088
12.2768
17.1811
33.3661
82.4052
20.1853
8.41253
24.8216
588.285
1303.53
103.074
1235.08
2919.83
15.853
5.59635
45.1388
274.105
296.139
1869.6
152.118
0.16001
