0 	0
13 	1
18 	2
20 	3
24 	4
27 	5
30 	7
31 	8
32 	9
35 	10
36 	11
40 	12
44 	14
45 	16
46 	17
48 	18
49 	19
50 	20
52 	21
54 	22
55 	23
57 	24
58 	25
59 	27
60 	28
61 	29
62 	33
63 	34
64 	36
65 	38
66 	41
67 	43
69 	44
70 	46
71 	47
72 	48
75 	50
77 	52
78 	54
79 	56
80 	60
81 	65
82 	70
83 	71
84 	72
85 	74
86 	83
87 	84
88 	91
92 	94
93 	95
94 	98
96 	99
98 	102
101 	106
102 	108
103 	110
104 	114
105 	118
106 	122
107 	127
108 	129
109 	131
110 	134
111 	137
112 	138
113 	141
114 	143
115 	147
116 	150
117 	157
118 	158
119 	160
120 	161
122 	164
123 	166
124 	170
125 	182
126 	185
127 	186
128 	187
129 	189
130 	195
131 	196
132 	201
133 	202
134 	213
135 	217
137 	220
138 	233
139 	236
140 	252
141 	260
143 	271
144 	305
145 	308
146 	311
147 	343
148 	357
149 	362
150 	372
151 	409
152 	425
153 	440
154 	450
155 	463
156 	486
157 	488
158 	522
159 	524
160 	546
161 	557
162 	580
163 	584
164 	585
165 	586
166 	587
167 	593
168 	620
169 	660
170 	674
171 	680
172 	692
173 	704
174 	774
175 	782
176 	813
177 	831
178 	851
179 	883
180 	929
181 	932
182 	976
183 	1004
184 	1005
185 	1026
186 	1055
187 	1104
188 	1164
189 	1220
190 	1261
191 	1281
192 	1297
193 	1300
194 	1330
195 	1345
196 	1409
197 	1498
198 	1623
199 	1671
200 	1759
201 	1760
202 	1859
203 	1891
204 	1957
205 	2005
206 	2033
207 	2432
208 	2514
209 	2677
210 	2790
211 	2847
212 	3297
213 	3779
214 	4421
215 	4605
216 	4806
217 	4987
218 	5599
219 	5812
