37.77
96.89
148.95
311.76
472.07
920.77
1303.30
2550.52
4523.04
700.01
539.35
17.88
1190.33
1052.33
2786.13
4224.33
605.71
899.70
5718.46
566.39
109.15
87.56
523.65
0.94
1.48
2.36
2023.16
5.74
8.97
2.50
1.48
1.82
0.19
7.04
4.90
3.27
14.96
3.76
0.29
3.48
1.70
53.03
2796.47
1.25
19.27
121.21
22.01
6.06
611.15
255.83
1157.77
778.88
1194.29
109.97
166.60
2977.98
0.24
2.31
363.53
264.28
1468.52
16.75
45.27
110.34
96.26
125.23
43.03
10.70
684.44
11.52
29.32
16.26
137.44
247.95
942.08
978.93
1276.86
4846.80
2.30
4.18
12.28
32.02
213.24
623.57
2529.23
0.97
8.84
10.78
12.02
330.02
1171.15
480.23
47.42
52.38
83.85
134.08
5.53
265.32
103.11
96.46
98.50
33.89
87.37
1.12
16.79
4.34
4335.51
973.58
601.58
20.65
13.90
2599.02
0.85
4.32
559.68
18.41
507.51
99.19
42.45
121.34
16.54
170.69
183.34
126.82
198.38
388.86
101.51
326.86
1039.67
13.59
114.65
198.92
511.04
51.79
59.36
940.99
465.04
442.59
3068.31
99.28
45.65
36.61
425.66
686.29
988.30
7.43
6.36
11.31
13.54
13.24
48.66
84.51
477.21
583.31
326.65
304.22
539.27
64.43
157.47
180.70
174.23
31.38
603.27
16.69
479.28
5.24
14.06
2282.60
151.17
100.75
31.44
38.98
36.00
24.34
336.25
10.94
25.89
17.63
593.38
681.31
77.02
2296.24
261.40
16.46
10.53
490.29
588.48
79.19
4488.30
432.19
699.75
64.62
139.01
234.34
170.93
165.54
608.93
945.04
365.91
445.75
34.89
58.93
13.16
69.78
222.45
23.56
28.74
24.77
150.63
42.68
546.81
156.19
170.09
344.30
1703.87
3.47
96.03
222.41
33.91
490.35
92.10
0.15
