0 	0
10 	1
18 	2
19 	3
22 	4
24 	5
26 	6
29 	7
31 	8
34 	9
37 	10
42 	11
45 	13
48 	14
49 	15
50 	16
51 	17
52 	18
53 	19
54 	20
55 	21
56 	22
60 	24
61 	25
62 	29
66 	31
67 	32
68 	33
71 	34
72 	36
74 	37
78 	40
79 	42
80 	44
82 	52
83 	54
84 	55
86 	58
88 	61
90 	63
91 	66
92 	68
93 	73
94 	80
95 	82
96 	83
97 	87
98 	88
101 	90
102 	92
103 	93
104 	95
106 	97
107 	103
110 	107
112 	108
113 	109
114 	116
115 	119
116 	130
117 	133
118 	138
119 	140
120 	142
121 	143
122 	146
124 	149
125 	161
126 	162
127 	175
128 	181
129 	188
130 	194
131 	199
132 	200
133 	209
135 	211
136 	239
137 	243
138 	249
139 	253
140 	262
141 	271
142 	279
143 	303
144 	304
145 	306
146 	324
147 	348
148 	391
149 	429
150 	442
151 	446
152 	448
153 	467
154 	499
155 	511
156 	529
157 	570
158 	580
159 	604
160 	619
161 	639
162 	675
163 	691
164 	694
165 	702
166 	707
167 	727
168 	739
169 	787
170 	788
171 	806
172 	809
173 	830
174 	855
175 	861
176 	873
178 	903
179 	916
180 	928
181 	1024
182 	1038
183 	1092
184 	1097
185 	1172
186 	1183
187 	1214
188 	1216
189 	1283
190 	1427
191 	1529
192 	1536
193 	1549
194 	1557
195 	1607
196 	1697
197 	1710
198 	1826
199 	1861
200 	1940
201 	2108
202 	2110
203 	2118
204 	2279
205 	2544
206 	2640
207 	2808
208 	3163
209 	3324
210 	3937
211 	3941
212 	4175
213 	4297
214 	4712
215 	4796
216 	4919
217 	5039
