96.69
188.86
414.80
597.16
886.23
303.17
22.01
593.02
569.46
348.55
89.34
235.28
2.18
7.70
2.54
7.52
7.37
8.21
7.32
6.84
0.97
26.79
12.31
12.26
55.77
6.33
1.09
5.99
6.04
180.04
731.27
4.48
28.71
44.81
5.28
718.40
94.23
101.20
221.68
0.33
7.41
674.74
19.92
103.00
205.72
105.53
258.10
6.62
38.50
60.92
136.24
274.10
985.47
4.18
11.18
26.30
51.62
639.05
4.54
11.87
14.88
14.70
578.46
419.71
84.98
85.82
159.29
199.60
7.56
551.70
241.74
232.67
176.48
79.52
155.97
2.20
18.58
4.90
904.03
24.70
18.25
1.15
9.82
21.74
261.30
131.18
79.32
86.31
384.34
66.46
183.37
199.48
201.10
691.81
270.16
480.57
833.19
109.60
97.17
106.75
156.72
249.55
44.48
359.10
539.47
945.09
9.30
10.53
6.37
15.40
17.48
30.38
55.89
294.63
271.35
297.33
262.77
306.07
93.45
152.61
260.64
294.03
36.55
757.33
42.93
2.42
12.34
858.17
121.00
289.69
115.64
32.04
51.90
29.44
209.90
12.55
19.66
19.11
482.01
420.85
95.21
204.75
36.40
39.73
576.81
712.22
186.33
439.18
545.71
101.71
392.78
435.44
275.34
276.09
774.83
585.59
73.41
85.94
54.54
170.14
338.67
84.70
33.51
53.26
360.53
83.60
307.82
711.97
12.86
23.53
209.45
428.12
74.90
852.14
0.19
