0 	0
7 	1
17 	2
22 	3
24 	4
27 	5
29 	6
30 	7
31 	8
35 	9
39 	10
42 	11
43 	12
46 	13
47 	14
49 	15
52 	16
56 	17
57 	18
58 	19
59 	20
61 	22
63 	24
64 	25
66 	27
67 	30
71 	31
72 	32
73 	34
74 	36
76 	38
77 	39
79 	42
80 	45
81 	47
83 	49
85 	50
86 	51
88 	52
89 	57
90 	58
91 	60
92 	67
93 	69
95 	71
96 	75
97 	77
98 	78
100 	81
101 	83
103 	84
104 	87
105 	88
106 	90
107 	93
109 	99
110 	101
111 	103
112 	106
113 	113
114 	114
115 	116
116 	118
117 	120
118 	129
119 	138
120 	145
121 	147
122 	157
123 	160
124 	170
125 	182
126 	183
127 	186
128 	198
129 	224
130 	226
131 	240
132 	241
133 	246
134 	252
135 	254
136 	269
137 	278
139 	281
140 	285
141 	305
142 	340
143 	345
144 	349
145 	352
146 	374
147 	392
148 	405
149 	424
150 	431
151 	438
152 	444
153 	476
154 	490
156 	502
157 	504
158 	520
159 	522
160 	531
161 	546
162 	549
164 	555
165 	570
166 	575
167 	579
168 	582
169 	624
170 	634
171 	640
172 	671
173 	677
174 	710
175 	714
176 	716
177 	724
178 	735
179 	777
180 	794
181 	803
182 	838
183 	857
184 	912
185 	972
186 	998
187 	1041
188 	1152
189 	1173
190 	1287
191 	1362
192 	1376
193 	1461
194 	1468
195 	1558
196 	1652
197 	1677
198 	1912
199 	1954
200 	1962
201 	1999
202 	2020
203 	2048
204 	2120
205 	2364
206 	2428
207 	2617
208 	2632
209 	2971
210 	3196
211 	3842
212 	3913
213 	4535
214 	4537
215 	4836
216 	4857
217 	5253
218 	5476
219 	5993
