208.89
197.03
308.40
594.66
1295.03
2387.13
2885.62
410.27
69.98
31.97
1513.28
368.86
829.17
859.66
5443.23
495.32
134.27
137.31
435.52
0.81
0.84
4.06
1054.43
6.87
3.63
1.34
0.38
0.57
0.10
12.17
21.38
2.06
41.82
0.89
0.14
2.89
0.53
47.03
1852.93
0.78
21.19
265.72
22.27
4.53
729.38
242.23
855.20
2083.04
1414.28
142.17
120.31
2022.04
0.15
0.95
446.57
293.31
2044.84
15.48
43.33
136.88
188.28
519.86
92.51
93.20
854.71
1.17
33.72
55.89
86.60
11.13
1435.52
1563.07
5632.82
1565.32
3.04
8.70
21.67
60.78
427.82
1233.49
1.19
14.07
19.96
9.80
341.97
994.63
83.13
49.89
43.04
90.74
105.31
4.34
16.86
119.49
161.04
123.84
45.52
100.27
0.67
10.84
10.86
2539.82
527.88
23.08
10.69
4391.18
1.29
10.14
558.59
14.11
197.81
3809.83
26.54
155.14
388.66
19.76
58.66
564.55
384.48
172.66
200.64
355.17
1162.26
780.07
168.14
271.78
2022.31
104.93
92.77
151.85
524.28
631.94
617.98
3981.69
95.64
44.67
61.67
481.41
765.84
1471.88
2.87
3.07
7.06
4.51
0.94
20.43
9.48
126.55
193.49
198.95
329.24
211.69
28.91
200.77
229.14
583.58
10.73
303.14
130.54
145.52
88.80
26.48
2980.62
162.17
175.47
41.74
49.02
138.71
47.57
203.00
2148.17
7.73
20.98
19.68
650.00
1342.50
89.57
2150.15
438.06
23.34
33.93
902.10
1329.20
131.50
1136.03
1116.97
54.50
186.38
265.78
207.80
240.60
1030.24
1961.30
655.12
823.06
12.38
22.73
13.21
60.94
126.54
18.68
15.58
19.12
434.72
164.69
1196.45
1532.18
393.96
561.11
3833.86
17.47
35.34
45.41
14.55
186.95
116.19
258.51
2238.22
0.13
