43.73
101.53
168.93
323.08
720.29
825.47
1314.38
3377.04
3470.04
501.72
1512.93
30.81
699.72
1342.68
2967.01
2488.49
670.41
409.89
547.28
89.58
124.64
1132.67
1.00
1.39
2.36
766.39
9.53
3.30
2.57
1.32
1.56
0.20
4.60
16.01
2.32
37.52
4.36
0.26
3.06
1.61
67.20
2776.93
1.37
24.29
139.65
20.68
2.42
547.20
169.40
946.48
3171.36
1982.44
116.49
135.14
4224.60
0.23
2.04
150.01
233.99
1254.13
5531.95
12.41
56.53
149.38
139.52
149.37
51.94
13.53
708.70
7.48
9.88
66.67
102.60
9.63
1028.56
350.13
4811.06
630.39
2.64
6.42
16.67
32.41
235.13
708.26
3012.21
2.87
9.26
10.82
11.00
346.09
1340.58
312.33
48.27
49.37
86.90
123.50
4.19
291.01
108.43
115.90
94.13
36.34
92.45
1.08
13.92
3.48
2732.97
1815.99
747.40
18.80
9.77
3644.46
0.55
3.47
1876.91
44.83
906.54
158.67
133.38
78.88
103.15
290.21
131.58
40.55
2774.95
812.11
35.27
1071.12
1367.24
54.34
141.42
660.73
267.54
51.82
62.24
893.77
446.82
416.21
3791.99
92.39
63.93
36.75
192.31
566.06
858.72
2.21
1.78
2.75
7.21
12.46
46.67
144.45
378.38
286.15
472.67
422.14
180.06
52.88
202.18
320.07
331.88
23.61
541.13
136.24
380.07
1.82
12.64
4312.40
147.76
148.10
36.73
35.94
67.10
31.31
265.06
3244.05
11.02
34.11
18.26
806.83
881.28
94.99
1230.22
255.19
21.10
13.24
387.77
1106.21
122.35
423.10
537.74
44.67
95.89
195.64
187.78
130.82
643.76
795.01
388.05
238.96
32.27
38.10
13.12
77.53
171.88
18.46
24.00
31.99
155.11
40.26
1465.77
995.70
192.92
445.69
2759.70
69.98
76.49
143.43
133.70
273.33
109.30
509.26
4856.96
0.16
