0 	0
6 	1
14 	2
19 	3
25 	4
26 	5
28 	6
30 	8
31 	9
32 	10
35 	11
39 	12
40 	13
44 	14
46 	15
49 	16
51 	17
52 	18
53 	19
55 	20
57 	21
60 	22
63 	26
65 	27
66 	28
67 	31
68 	33
69 	34
70 	36
71 	38
72 	40
73 	41
74 	42
76 	43
78 	44
79 	46
80 	50
81 	51
84 	53
85 	54
86 	58
87 	62
88 	63
89 	64
90 	68
91 	69
92 	73
93 	74
94 	79
95 	80
97 	82
98 	86
100 	87
101 	92
102 	93
105 	94
106 	99
107 	101
108 	102
109 	109
110 	110
111 	114
112 	115
113 	117
114 	121
115 	130
116 	139
117 	140
118 	141
119 	144
120 	150
121 	155
122 	161
123 	163
124 	171
125 	176
126 	181
127 	191
128 	192
129 	193
130 	196
131 	224
132 	227
134 	234
135 	242
136 	271
137 	276
138 	282
139 	307
140 	312
141 	333
142 	339
143 	355
144 	363
145 	377
146 	382
147 	405
148 	416
149 	422
150 	424
151 	436
152 	443
153 	458
154 	459
155 	464
156 	468
157 	475
158 	483
159 	488
160 	491
161 	497
162 	512
163 	515
164 	523
165 	535
166 	549
167 	555
168 	566
169 	567
170 	573
171 	576
172 	580
173 	588
175 	608
176 	618
177 	620
178 	634
179 	649
180 	660
181 	668
182 	693
183 	714
184 	728
185 	761
186 	792
187 	803
188 	837
189 	851
190 	927
191 	936
192 	941
193 	986
194 	987
195 	1012
196 	1021
197 	1033
198 	1041
199 	1056
200 	1171
201 	1335
202 	1365
203 	1499
204 	1518
205 	1601
206 	1765
207 	2140
208 	2187
209 	2242
210 	2256
211 	2430
212 	2786
213 	3154
214 	3200
215 	3251
216 	3460
217 	3477
218 	3678
219 	3949
220 	4062
221 	4641
222 	4688
223 	5499
