28.04
85.40
163.17
380.88
569.80
1037.25
1555.41
3005.33
4117.14
1365.67
1002.38
31.64
1199.99
1302.53
2023.67
4605.55
431.53
156.46
5948.94
951.41
76.97
96.82
503.14
1.52
3.78
2.14
2443.62
10.09
14.33
15.00
2.24
2.96
0.30
10.20
11.57
5.67
41.83
2.12
0.36
5.87
2.93
135.47
575.66
0.63
9.23
342.01
20.57
2.32
1011.06
97.79
351.16
1002.47
3422.63
73.56
120.80
0.23
4.95
600.92
263.06
1961.79
16.88
44.55
165.23
202.99
282.11
74.14
20.85
1896.55
21.80
2.80
50.47
69.13
204.16
470.98
1280.23
251.79
4394.09
1342.97
4900.93
3.04
6.50
14.66
38.56
321.23
1148.76
4408.49
4.32
3.56
65.92
13.13
1136.48
3881.09
927.19
104.56
111.68
255.23
338.54
5.76
357.42
107.52
109.25
246.68
51.36
211.66
1.54
17.55
5.64
1668.25
468.07
15.15
15.35
2987.93
0.45
5.36
372.35
14.07
170.02
2967.59
36.45
77.18
268.27
16.30
235.49
1099.60
99.12
102.33
7.40
6.47
294.54
306.53
111.00
170.56
180.20
219.42
45.75
48.25
1186.12
214.79
184.02
1124.86
57.94
673.70
19.37
901.94
1963.05
3383.87
6.19
6.64
10.07
11.58
62.84
71.90
54.00
500.37
540.91
552.15
543.51
542.81
212.56
407.60
1140.23
946.07
18.85
290.32
1.63
170.31
4828.09
1.91
16.73
1463.01
273.36
276.53
60.60
43.63
108.07
50.09
350.14
12.95
12.56
25.57
558.79
983.18
95.39
2063.02
267.43
24.49
20.35
760.92
864.83
113.98
501.18
617.83
64.70
186.94
300.01
203.87
243.00
682.22
1223.89
615.33
580.24
58.49
72.97
38.02
111.12
205.54
29.37
24.47
14.34
95.21
35.27
384.54
514.94
190.51
436.39
2273.01
22.12
41.14
33.53
690.90
738.43
370.11
1190.65
0.17
