22.21
84.87
189.06
309.38
614.11
1102.86
1588.34
2811.23
4353.26
1007.09
1283.66
29.74
781.77
778.76
2630.64
2011.67
395.04
619.41
442.75
81.89
106.99
564.48
1.43
3.82
1.96
572.19
5.89
4.97
14.82
3.72
2.86
0.35
5.16
20.71
3.08
22.56
2.30
0.64
5.05
3.64
88.02
1244.72
0.69
19.15
86.70
17.01
1.92
513.57
178.62
431.47
2298.74
1491.84
78.13
94.98
2616.69
0.25
5.87
327.95
258.26
1530.60
11.68
46.04
118.50
77.92
121.27
39.67
8.43
728.46
14.86
14.03
36.73
57.46
78.34
866.70
1751.12
2209.25
2.87
6.43
12.32
33.90
230.02
618.50
3477.62
1.62
3.49
19.23
10.81
517.80
2154.24
662.47
61.56
66.52
114.30
186.72
4.79
269.87
99.03
101.47
134.73
46.13
122.01
1.32
14.53
3.88
1087.64
444.71
16.72
13.22
3392.16
0.68
3.87
486.45
17.05
188.85
5226.91
118.02
57.59
63.77
19.33
445.75
358.57
37.20
14.83
41.97
19.66
4788.98
1242.39
121.71
132.59
286.56
137.26
45.39
48.07
353.86
664.23
691.65
93.61
615.01
18.23
676.03
1247.75
1396.54
4.19
9.72
9.00
21.05
16.79
68.78
190.07
266.83
270.35
577.67
274.65
265.97
72.64
421.00
441.08
582.00
17.88
426.77
7.04
354.33
1.77
11.91
2553.56
155.47
225.65
22.34
41.66
97.18
8.85
252.84
2175.72
12.83
12.76
24.06
451.07
607.65
110.30
954.79
235.44
25.44
20.42
637.10
815.49
133.57
5012.71
485.68
588.38
53.85
131.50
200.47
165.41
137.86
446.42
1103.52
479.90
340.12
43.68
54.87
34.89
88.47
154.47
43.18
23.42
26.90
116.01
25.73
737.72
335.69
173.38
499.66
2160.44
11.00
25.52
126.34
320.60
250.88
127.59
117.37
4136.41
0.15
