0 	0
7 	1
15 	2
19 	3
23 	4
26 	5
28 	6
30 	7
32 	8
35 	10
40 	11
43 	12
48 	14
49 	16
53 	17
54 	18
56 	19
58 	20
61 	23
63 	24
64 	25
66 	26
67 	27
68 	31
69 	35
70 	36
71 	37
73 	38
75 	41
77 	42
78 	44
79 	49
81 	51
83 	54
84 	58
85 	59
87 	62
88 	65
89 	66
90 	72
91 	75
92 	78
93 	82
95 	90
96 	94
97 	95
99 	96
100 	98
101 	99
102 	100
103 	101
104 	102
105 	103
106 	106
110 	108
111 	109
113 	113
114 	124
116 	131
117 	140
118 	142
120 	149
122 	158
123 	166
124 	167
126 	168
127 	170
128 	173
129 	177
130 	188
131 	203
132 	248
133 	250
134 	251
135 	255
136 	268
137 	269
138 	271
139 	278
140 	281
141 	283
142 	289
143 	305
144 	311
145 	318
146 	320
147 	321
148 	324
149 	343
150 	345
151 	378
152 	380
153 	387
154 	406
155 	413
156 	422
157 	440
158 	464
159 	467
160 	474
161 	480
162 	486
163 	489
164 	507
165 	518
166 	523
168 	528
169 	549
170 	559
171 	573
172 	609
173 	615
174 	621
175 	649
176 	652
177 	667
178 	710
179 	714
180 	721
181 	727
182 	733
183 	743
184 	754
185 	779
186 	782
187 	819
188 	821
189 	825
190 	846
191 	903
192 	1057
193 	1116
194 	1173
196 	1180
197 	1348
198 	1427
199 	1448
200 	1450
201 	1584
202 	1641
203 	1666
204 	1671
205 	1867
206 	1916
207 	2028
208 	2094
209 	2332
210 	2514
211 	2546
212 	2784
213 	3231
214 	3272
215 	3542
216 	3690
217 	3887
218 	4301
219 	4405
220 	4558
221 	4829
222 	5010
223 	5518
224 	5648
