0 	0
6 	1
14 	2
20 	3
24 	4
25 	5
28 	6
30 	7
31 	9
32 	10
36 	11
38 	12
39 	13
42 	14
45 	15
47 	16
48 	17
50 	18
51 	20
52 	21
53 	22
54 	23
57 	24
59 	25
60 	26
62 	27
63 	28
64 	29
65 	31
66 	37
69 	38
72 	39
75 	41
76 	42
78 	46
79 	47
80 	48
81 	50
83 	51
84 	52
85 	53
87 	58
88 	60
89 	61
90 	66
91 	74
92 	76
93 	82
96 	83
97 	88
98 	90
99 	98
100 	99
101 	100
103 	103
104 	105
105 	106
106 	110
108 	115
109 	116
110 	121
111 	123
112 	125
113 	129
114 	130
115 	131
116 	135
117 	147
118 	148
119 	152
122 	155
123 	158
125 	160
126 	162
127 	166
129 	169
130 	180
131 	192
132 	209
133 	224
134 	226
135 	232
136 	243
138 	245
139 	250
140 	256
141 	263
142 	278
143 	284
144 	293
145 	317
146 	319
147 	320
148 	329
149 	338
150 	350
151 	353
152 	366
153 	396
154 	403
155 	412
156 	424
157 	435
158 	438
159 	439
160 	458
161 	462
162 	470
163 	474
164 	480
165 	494
166 	496
167 	510
169 	511
170 	520
171 	522
172 	574
173 	587
174 	591
175 	604
177 	618
178 	620
179 	623
180 	637
181 	650
182 	688
183 	732
184 	734
185 	775
186 	799
187 	840
188 	846
189 	870
190 	929
191 	935
192 	939
193 	960
194 	973
195 	1011
196 	1049
197 	1050
198 	1097
199 	1120
200 	1307
201 	1342
202 	1391
203 	1466
204 	1909
205 	2011
206 	2067
207 	2160
208 	2326
209 	2533
210 	2613
211 	2629
212 	2662
213 	2840
214 	2997
215 	3295
216 	3331
217 	3357
218 	3479
219 	4183
220 	4294
221 	4527
222 	4835
223 	5674
