0 	0
7 	1
16 	2
18 	3
23 	4
25 	5
26 	6
29 	7
31 	8
32 	9
33 	10
36 	11
40 	12
43 	13
49 	15
52 	17
53 	18
54 	19
55 	20
58 	21
60 	25
61 	28
62 	32
64 	33
65 	35
67 	37
70 	38
72 	39
73 	42
75 	44
77 	46
78 	48
80 	49
81 	50
82 	52
83 	53
85 	57
86 	59
87 	63
88 	64
90 	65
91 	70
92 	72
93 	73
94 	76
95 	77
96 	80
97 	81
98 	84
99 	89
100 	91
101 	93
102 	103
103 	104
104 	105
105 	106
106 	107
107 	108
110 	112
111 	115
112 	116
114 	117
115 	123
116 	130
117 	133
119 	137
120 	142
121 	147
122 	157
123 	159
124 	161
125 	163
126 	169
127 	178
128 	183
129 	189
130 	196
132 	200
133 	207
134 	212
135 	214
136 	230
137 	236
138 	250
139 	262
140 	281
142 	286
143 	293
144 	294
145 	295
146 	305
147 	308
148 	323
149 	331
150 	337
151 	353
152 	367
153 	385
154 	399
155 	405
156 	415
157 	417
158 	424
159 	426
160 	432
161 	435
162 	455
163 	457
164 	461
165 	464
166 	466
167 	473
168 	478
169 	505
171 	510
172 	523
173 	524
174 	543
175 	545
176 	548
177 	560
178 	568
179 	575
180 	579
181 	591
182 	681
183 	689
184 	698
185 	742
186 	761
187 	766
188 	768
189 	777
190 	797
191 	815
192 	876
193 	906
194 	961
195 	1062
196 	1109
197 	1120
198 	1186
199 	1270
200 	1527
201 	1602
202 	1603
203 	1616
204 	1757
205 	1777
206 	1935
207 	2002
208 	2291
209 	2518
210 	2528
211 	2553
212 	2682
213 	2738
214 	3089
215 	3204
216 	3364
217 	3890
218 	4109
219 	4205
220 	4784
221 	4915
222 	5594
223 	5740
