0 	0
6 	1
12 	2
20 	3
23 	4
28 	6
31 	8
32 	9
34 	10
36 	11
37 	12
40 	13
41 	14
46 	15
51 	16
53 	17
57 	20
60 	23
62 	24
64 	25
65 	27
66 	28
67 	29
68 	30
69 	32
70 	33
71 	34
73 	35
74 	36
76 	40
78 	41
80 	42
81 	44
82 	45
83 	46
84 	48
85 	50
86 	51
87 	53
90 	56
91 	62
92 	63
94 	64
95 	66
96 	67
97 	68
98 	71
99 	73
100 	76
101 	82
102 	85
103 	86
104 	89
105 	101
106 	103
107 	104
108 	105
109 	107
110 	111
111 	112
112 	113
113 	114
114 	115
115 	117
116 	118
117 	119
118 	124
119 	125
120 	131
122 	142
123 	144
124 	155
125 	156
126 	161
127 	165
128 	167
129 	173
130 	177
131 	178
132 	180
133 	191
134 	193
135 	236
136 	239
137 	242
138 	249
139 	256
140 	262
141 	277
142 	281
143 	282
144 	285
145 	287
146 	288
147 	289
148 	291
149 	295
150 	307
151 	316
152 	322
153 	332
154 	343
155 	348
156 	365
157 	381
158 	387
159 	390
160 	408
161 	421
162 	424
163 	426
164 	435
165 	469
166 	479
167 	485
168 	524
169 	535
170 	537
171 	540
172 	555
173 	565
174 	569
175 	580
176 	603
177 	612
178 	621
179 	638
180 	648
181 	689
182 	702
183 	730
184 	781
185 	787
186 	807
187 	829
188 	842
189 	859
190 	871
191 	921
192 	944
193 	964
194 	999
195 	1007
196 	1138
197 	1288
198 	1333
199 	1350
200 	1370
201 	1472
202 	1510
203 	1623
204 	1682
205 	1688
206 	1817
207 	1862
208 	1911
209 	2095
210 	2190
211 	2296
212 	2345
213 	2367
214 	2862
215 	2977
216 	3016
217 	3334
218 	3367
219 	3522
220 	3686
221 	3879
222 	4567
223 	4714
224 	4981
225 	5227
226 	5870
