321.99
307.40
389.89
616.76
885.99
1722.69
2041.38
4252.48
421.00
251.93
33.23
1543.00
1994.79
5558.46
3883.11
1272.01
1313.78
581.95
148.17
270.28
770.07
0.83
0.65
1.92
559.64
7.50
3.63
1.12
0.29
0.58
0.08
14.60
19.13
3.13
54.61
2.48
0.12
2.91
0.47
55.13
1692.76
1.27
26.78
511.08
20.67
3.62
1176.53
274.53
1576.26
1969.12
2631.17
215.89
250.58
5746.26
0.16
1.28
416.24
416.87
3261.89
16.21
56.14
149.79
363.74
733.58
108.33
173.10
922.21
25.16
11.00
95.57
228.70
124.30
161.24
1981.92
1571.29
3.54
9.83
20.31
62.64
383.67
1269.64
5359.79
2.14
14.05
18.44
11.12
331.43
923.54
70.96
43.81
43.94
88.80
95.07
3.75
288.03
161.61
213.95
117.91
46.19
83.88
1.12
18.73
13.02
2161.94
604.34
24.46
11.76
1.43
14.16
586.75
9.99
230.64
4388.88
27.31
187.32
25.08
38.20
1384.78
402.39
587.70
204.72
335.88
700.44
1642.01
1823.22
158.88
110.24
541.26
101.51
100.41
107.82
312.62
778.10
977.70
5844.16
82.58
32.52
107.11
504.08
994.78
1159.57
2.53
1.20
3.93
0.94
2.22
6.08
11.39
143.15
268.73
236.88
267.04
238.61
132.24
266.12
399.57
354.14
10.16
431.85
122.85
228.60
45.62
15.78
2102.35
192.12
148.01
50.21
20.19
64.56
61.16
387.63
3417.52
12.49
18.48
28.53
933.38
1382.82
112.19
3079.50
598.08
40.41
7.23
952.86
1238.93
140.54
792.32
1567.84
38.91
150.47
163.81
215.46
126.82
589.38
2320.57
593.53
404.41
25.62
31.52
15.58
55.20
97.08
19.40
20.21
51.90
282.72
204.14
747.17
551.63
464.98
388.70
2030.15
26.31
52.04
49.84
119.54
558.34
1586.79
5734.67
0.14
