183.00
204.72
311.33
544.90
951.95
1726.66
2188.46
3939.84
357.44
413.85
31.51
1696.03
1910.83
4990.73
5545.62
771.19
3002.44
811.45
215.13
318.35
783.41
0.82
0.85
2.34
1803.16
3.39
10.77
1.69
0.46
0.59
0.10
5.24
13.26
0.64
57.55
1.31
0.14
2.84
0.68
69.42
1993.00
0.93
22.34
417.37
23.13
2.26
1232.47
128.72
285.51
945.10
1509.43
2940.82
132.34
148.38
4187.10
0.14
1.49
465.45
417.83
15.60
47.52
142.16
339.85
740.05
105.89
525.81
938.88
8.17
30.53
74.33
200.34
110.61
281.39
5043.26
3543.13
3.76
10.67
27.00
76.10
480.22
1118.51
2935.98
1.42
14.88
17.19
12.30
330.74
933.25
80.07
50.38
56.41
94.63
107.35
8.98
370.99
183.32
158.19
110.32
54.06
111.81
1.28
13.36
11.09
1846.69
885.90
32.24
9.28
5085.65
1.38
10.40
497.22
9.17
200.72
4357.34
135.21
189.00
493.55
96.13
112.51
78.05
31.04
600.12
348.09
12.62
2721.32
109.11
345.85
572.90
191.59
121.98
128.40
284.93
800.61
803.75
5049.18
149.80
54.02
57.50
351.07
620.59
697.35
1.61
1.58
0.80
1.83
0.62
35.69
6.56
241.52
207.66
345.72
262.98
260.78
65.83
296.81
280.33
251.39
10.42
430.37
88.27
182.88
179.71
27.10
4283.86
212.39
162.63
34.03
38.13
73.25
71.14
222.33
2615.19
12.87
22.81
27.17
1339.26
1332.06
99.85
3604.12
1031.11
27.97
24.29
822.20
1101.99
144.37
1014.70
1440.91
23.46
164.12
175.37
255.87
136.98
999.14
1602.89
642.41
334.05
13.78
33.93
21.42
81.69
182.66
89.05
18.53
34.34
348.54
187.92
833.53
1099.93
257.00
412.08
2284.47
20.58
3.37
35.92
74.74
43.62
10.44
678.61
0.14
