35.00
118.52
154.65
278.77
632.84
1002.80
1461.08
3718.43
4353.81
1133.84
1840.38
22.09
858.48
1445.13
2474.83
3637.90
499.32
572.66
648.98
109.59
94.63
440.20
0.94
1.46
1.24
1843.54
11.90
8.98
2.49
1.47
1.55
0.19
8.60
21.27
4.09
71.83
1.41
0.29
4.24
1.71
48.78
2403.66
1.30
31.68
129.61
28.61
1.60
695.19
225.49
1933.72
1768.00
1531.81
116.31
134.98
2984.68
0.23
2.17
146.45
305.48
3743.71
17.20
43.21
157.58
89.21
160.02
51.29
10.50
525.88
11.52
4.47
17.42
101.92
168.09
691.88
1173.49
620.13
2.29
4.39
12.62
29.31
225.22
625.06
2936.32
1.71
9.09
10.67
13.37
340.46
1289.92
415.24
45.16
49.19
85.89
120.08
4.88
265.35
96.51
103.73
98.86
34.55
85.01
1.14
18.28
3.63
3160.03
1083.04
521.02
17.14
18.17
2367.88
0.73
3.58
613.77
25.06
411.65
53.30
51.26
485.93
95.25
180.48
292.01
110.83
707.43
1175.36
141.14
846.40
492.28
50.25
49.16
667.87
404.58
47.82
56.22
981.46
454.94
429.05
3450.43
110.45
43.39
36.46
471.39
654.50
979.47
1.97
13.86
6.94
15.12
29.52
38.01
52.91
322.97
610.00
588.55
311.93
666.99
106.03
131.94
332.65
134.39
30.33
556.47
4.60
447.61
111.07
11.76
2078.63
152.91
108.72
37.80
41.11
79.09
18.59
367.21
2065.89
11.32
24.54
14.16
275.58
489.33
78.39
1037.16
215.75
18.93
11.44
349.80
635.40
98.71
5027.25
380.25
259.03
50.95
146.17
209.15
170.84
171.02
439.26
1045.55
331.68
312.88
37.21
55.64
11.99
84.85
226.37
17.23
29.11
18.93
156.55
42.47
662.93
70.51
176.16
385.31
2943.20
2.32
129.43
145.13
225.09
144.72
2655.31
3482.45
3261.01
0.12
