0 	0
7 	1
16 	2
18 	3
23 	4
25 	5
27 	6
29 	7
30 	8
32 	9
35 	10
38 	11
40 	12
43 	13
44 	14
46 	15
48 	16
51 	17
52 	18
54 	19
55 	20
57 	21
58 	22
59 	28
61 	29
63 	31
65 	34
66 	35
68 	37
69 	38
70 	39
72 	40
73 	42
74 	43
75 	44
76 	46
77 	47
78 	49
79 	51
81 	53
82 	55
83 	56
84 	57
85 	58
88 	62
89 	63
91 	65
92 	67
93 	70
94 	74
95 	77
96 	81
97 	84
98 	90
99 	91
100 	93
101 	95
102 	97
103 	100
105 	101
107 	102
110 	105
111 	113
113 	116
114 	118
115 	124
117 	132
118 	137
119 	143
120 	144
122 	163
123 	165
124 	169
125 	171
126 	174
127 	180
128 	189
129 	204
130 	209
132 	215
134 	218
135 	234
136 	239
137 	242
138 	245
139 	264
140 	285
141 	287
142 	306
143 	311
144 	314
146 	318
147 	367
148 	370
149 	371
150 	418
151 	419
152 	423
153 	433
154 	464
155 	468
156 	473
157 	482
158 	487
159 	499
160 	505
161 	510
162 	513
163 	519
164 	521
165 	523
166 	526
167 	535
168 	537
169 	539
170 	551
171 	566
172 	568
173 	570
174 	609
175 	624
176 	641
177 	643
178 	644
179 	670
180 	671
181 	733
182 	772
183 	788
184 	851
185 	873
186 	923
187 	927
188 	930
189 	931
190 	977
191 	988
192 	1135
193 	1157
194 	1412
195 	1476
196 	1522
197 	1544
198 	1574
199 	1610
200 	1614
201 	1670
202 	1726
203 	1809
204 	2023
205 	2111
206 	2229
207 	2641
208 	2764
209 	2797
210 	2935
211 	2969
212 	3209
213 	3213
214 	3594
215 	3634
216 	3671
217 	3718
218 	4700
219 	4861
220 	5632
221 	5743
