0 	0
18 	1
25 	2
30 	3
32 	4
33 	5
36 	6
38 	7
45 	8
48 	9
51 	10
52 	11
54 	12
55 	14
58 	15
60 	16
62 	17
64 	20
65 	22
67 	23
70 	25
71 	26
75 	28
76 	29
78 	31
82 	32
83 	33
85 	40
86 	42
87 	47
88 	50
89 	52
90 	53
91 	55
92 	56
93 	59
94 	60
95 	66
96 	68
97 	71
98 	74
99 	75
100 	80
101 	83
102 	85
103 	87
104 	88
105 	89
106 	94
107 	106
108 	113
109 	117
110 	118
111 	119
112 	122
113 	123
114 	127
115 	140
116 	142
117 	147
118 	153
119 	157
120 	166
121 	171
122 	172
123 	178
124 	180
125 	182
126 	189
128 	190
129 	197
130 	198
131 	201
133 	204
135 	210
136 	229
137 	250
138 	253
139 	256
141 	258
142 	261
143 	271
144 	272
146 	287
147 	304
148 	310
149 	323
150 	328
151 	337
152 	349
153 	357
154 	377
155 	471
156 	528
157 	569
158 	575
159 	597
160 	601
161 	609
162 	612
163 	706
164 	749
165 	754
166 	768
167 	782
168 	818
169 	858
170 	930
171 	959
172 	1016
173 	1148
174 	1151
175 	1156
176 	1188
177 	1348
178 	1356
180 	1364
181 	1426
182 	1455
183 	1472
184 	1496
185 	1524
186 	1600
187 	1603
188 	1647
189 	1692
190 	1857
191 	1881
192 	2147
193 	2270
194 	2489
195 	2534
196 	2590
197 	2640
198 	2979
199 	3330
200 	3494
201 	3572
202 	3641
203 	3650
204 	3781
205 	3863
206 	4235
207 	4357
208 	4411
209 	4482
210 	4571
211 	5340
212 	5481
213 	5487
