35.84
113.64
195.39
281.70
667.64
986.20
1364.42
4061.43
4640.54
1040.29
713.84
26.87
802.83
1334.50
3199.21
2429.40
1011.38
850.35
619.89
116.87
101.73
511.10
1.00
1.34
1.96
1764.52
7.73
18.00
2.49
1.29
1.53
0.20
8.40
19.17
3.98
43.25
2.51
0.28
2.50
1.52
67.48
2785.67
1.24
21.29
86.47
27.57
3.26
659.26
306.79
791.09
2186.16
2139.87
109.22
138.20
3677.19
0.22
2.00
175.51
226.73
926.39
5498.22
13.96
45.95
143.72
85.19
86.98
41.14
11.42
463.80
11.80
14.00
61.76
120.42
13.63
633.10
1517.99
458.45
2.55
5.45
15.65
32.28
241.00
607.59
3250.82
3.06
9.35
10.77
10.55
362.09
1600.68
490.77
50.08
52.19
93.07
139.70
5.70
311.72
100.25
98.18
92.55
33.33
93.82
0.86
15.19
3.75
3948.12
1032.67
940.36
17.78
11.19
3153.34
0.66
3.78
423.33
15.74
467.43
52.86
68.80
72.65
40.10
223.87
154.63
114.79
617.31
575.23
275.66
1170.19
482.10
21.87
162.40
233.28
381.29
63.30
53.67
1055.14
474.29
435.27
3476.07
108.87
62.15
37.95
415.08
760.54
727.99
4.24
16.42
11.34
26.54
21.14
42.91
129.10
548.45
648.62
565.39
554.29
579.62
81.18
338.00
270.04
376.30
25.12
457.66
1.72
514.05
20.54
12.28
2241.13
149.20
192.35
30.64
836.33
39.18
78.50
14.30
332.03
3459.67
10.62
25.89
16.14
572.86
692.58
81.92
1498.56
354.46
20.39
7.76
487.52
985.75
91.60
404.16
566.59
73.32
140.02
191.77
170.20
93.65
607.95
1020.92
522.66
534.77
13.62
42.01
13.50
79.02
190.17
57.67
25.31
19.51
160.93
49.72
43.06
935.03
180.46
442.84
2255.45
3.65
52.27
233.41
587.00
496.57
421.79
4687.57
0.15
