0 	0
7 	1
13 	2
17 	3
21 	4
25 	5
28 	6
30 	7
32 	8
34 	9
38 	11
40 	12
42 	13
47 	14
49 	15
55 	17
57 	18
58 	19
59 	20
60 	21
61 	23
62 	24
64 	25
65 	26
66 	29
67 	30
69 	32
70 	33
72 	34
73 	35
75 	37
76 	38
77 	39
79 	43
80 	44
82 	46
83 	48
84 	49
85 	52
86 	53
87 	54
88 	59
89 	60
91 	65
92 	70
93 	78
94 	80
95 	84
96 	85
98 	88
99 	93
103 	97
104 	99
106 	100
107 	101
108 	102
109 	104
111 	110
112 	111
113 	115
115 	122
116 	126
117 	127
118 	135
119 	138
120 	140
121 	149
122 	151
123 	152
124 	157
125 	158
126 	166
127 	167
130 	171
131 	175
132 	181
133 	184
135 	199
136 	214
138 	223
139 	235
140 	248
141 	256
142 	262
143 	265
144 	266
145 	305
146 	312
148 	327
149 	331
150 	337
151 	345
152 	364
153 	366
154 	389
155 	426
156 	433
157 	443
158 	446
159 	466
160 	473
161 	478
162 	480
163 	481
165 	491
166 	508
167 	512
168 	524
170 	540
171 	547
172 	560
173 	567
174 	584
175 	589
176 	594
177 	602
178 	604
179 	606
180 	609
181 	612
182 	624
183 	682
184 	685
185 	687
186 	700
187 	701
188 	779
189 	900
190 	921
191 	941
192 	943
193 	946
194 	974
195 	979
196 	989
197 	1040
198 	1053
199 	1158
200 	1172
201 	1191
202 	1195
203 	1277
204 	1304
205 	1469
206 	1704
207 	2024
208 	2283
209 	2297
210 	2530
211 	2551
212 	2600
213 	2787
214 	2797
215 	2978
216 	3069
217 	4225
218 	4336
219 	4489
220 	4524
221 	4847
222 	5719
