34.93
107.84
158.84
334.68
740.14
1271.02
1805.00
3674.70
5310.73
1775.10
1179.66
25.69
2032.28
2044.97
5121.60
3728.97
1512.29
566.71
820.85
89.87
107.13
549.38
0.98
1.35
1.64
270.72
10.54
11.27
2.97
1.30
1.56
0.17
9.06
17.35
3.38
62.00
3.37
0.27
2.78
1.54
61.78
2831.54
1.08
25.07
166.23
22.66
2.51
662.82
188.02
1302.39
2427.93
2703.08
128.81
121.47
3378.66
0.21
1.92
181.40
310.80
1446.39
13.14
53.39
94.73
77.49
89.83
40.23
9.81
651.57
14.17
10.73
46.85
95.74
258.71
469.83
406.38
476.79
5621.55
2.63
4.89
13.63
37.85
250.94
711.43
4311.09
1.35
8.95
10.28
10.91
413.91
1589.28
525.53
51.20
54.26
95.21
137.18
5.29
308.59
104.75
106.17
111.15
43.01
96.88
0.88
16.88
3.32
5482.95
1065.85
484.00
23.22
11.20
3427.94
0.73
4.12
321.44
18.10
1117.80
148.62
81.39
169.90
24.87
380.55
742.66
41.33
626.52
247.15
279.86
1060.07
2039.37
78.37
319.72
1652.86
462.34
58.83
55.00
1174.00
459.33
429.09
3728.51
105.99
59.69
35.86
388.31
535.06
920.25
6.10
11.06
3.95
18.60
15.02
41.49
65.08
280.04
172.62
319.39
615.56
527.94
66.64
111.35
134.74
377.36
25.62
515.52
38.23
403.82
5.08
12.03
2672.09
162.64
230.43
19.64
841.70
48.75
97.80
26.11
1884.69
257.03
2606.51
10.33
32.69
18.93
551.19
873.60
107.75
1775.36
291.91
21.65
10.45
523.37
1004.35
133.36
588.20
749.52
50.34
206.82
286.62
180.33
173.53
606.81
1558.84
632.22
263.39
12.56
61.33
15.30
127.70
220.36
27.23
25.21
23.36
131.25
37.63
765.20
892.82
179.20
476.14
2542.27
13.91
6.12
95.41
507.69
826.15
1588.79
648.90
3244.63
0.12
