22.98
74.12
153.19
316.92
692.41
955.64
1318.00
2995.10
3844.49
842.14
608.91
34.34
786.57
824.97
1675.32
1505.04
362.37
613.73
5197.07
793.68
52.50
114.84
480.02
1.49
3.82
1.43
2966.46
19.34
9.62
14.63
2.22
2.87
0.29
14.63
19.24
2.88
12.13
2.51
0.36
8.14
2.64
110.99
1130.73
0.42
16.73
72.38
22.84
2.32
416.95
99.83
1812.61
1303.49
1845.16
67.31
88.26
5831.70
0.23
5.15
307.52
287.56
1615.68
15.85
40.14
102.71
83.66
101.60
41.77
9.42
600.25
15.13
24.31
5.51
39.78
102.71
166.77
1894.43
4578.24
2187.73
3.73
7.05
14.47
35.09
238.25
686.63
2838.49
2.06
3.56
66.35
10.64
533.05
2072.47
775.64
62.85
69.88
123.04
188.79
5.25
286.55
111.25
117.52
140.07
54.79
129.59
1.32
15.06
5.47
4704.56
918.67
385.41
15.98
13.25
3349.15
0.90
4.99
279.52
21.79
141.69
2266.57
41.32
44.11
34.61
19.30
113.75
153.63
22.77
174.74
62.19
7.40
1459.90
995.45
33.34
289.38
940.00
253.83
47.69
50.24
306.31
423.64
377.12
3657.84
63.03
657.30
19.43
568.21
330.05
1289.06
1.64
7.49
11.00
10.68
27.35
65.53
158.95
285.25
554.11
561.99
276.70
292.19
55.93
81.34
176.68
238.36
16.65
473.14
1.85
280.61
1.72
12.58
992.89
164.04
279.65
26.64
40.54
85.42
14.28
344.28
3308.06
12.38
14.70
24.76
522.15
531.59
117.84
854.66
234.59
28.88
29.93
534.84
731.41
112.83
4948.22
425.29
636.35
31.55
141.23
247.68
177.99
123.82
467.91
871.64
342.53
407.39
55.43
60.83
39.87
106.87
170.61
44.54
22.04
15.49
111.57
31.94
381.48
578.53
192.08
433.64
2332.39
2.41
49.26
45.33
260.47
1692.88
2339.26
1362.45
3501.14
0.15
