47.89
103.36
165.32
301.93
490.34
1082.63
1359.84
2727.39
4351.88
1768.66
712.60
21.59
978.17
1476.93
1882.73
1898.47
944.67
450.26
575.50
92.77
122.30
462.19
0.91
1.53
2.46
2038.21
8.79
16.15
2.51
1.52
1.69
0.20
10.39
4.72
2.45
44.47
3.87
0.28
2.82
1.76
52.52
2819.23
1.49
39.57
150.76
22.59
2.99
747.76
225.01
1435.24
1642.41
2047.53
102.99
150.54
2771.01
0.23
2.28
179.47
257.13
3453.09
13.92
64.21
168.75
97.44
85.77
43.55
9.98
489.25
9.60
16.44
43.51
62.42
10.70
739.13
2533.10
4731.25
3486.67
626.80
2.25
5.59
14.64
28.39
204.99
704.94
2524.10
1.27
9.30
10.78
13.28
326.56
1442.31
512.79
49.20
52.50
86.17
130.29
5.13
271.71
80.69
96.75
103.65
34.52
85.99
0.97
16.27
3.56
613.98
17.70
18.01
2330.12
0.56
3.23
1105.54
20.87
686.61
160.94
137.02
78.37
97.41
278.17
129.00
41.76
439.99
206.04
100.59
4993.64
802.21
51.46
227.31
246.56
358.21
52.97
55.76
917.59
454.03
430.55
3389.94
107.36
46.57
36.75
461.88
617.46
902.39
2.03
7.92
6.76
32.23
30.35
55.56
63.82
176.85
619.24
176.06
188.75
695.63
89.85
240.91
258.48
312.57
26.86
589.20
12.09
561.51
1.73
15.35
4275.55
148.30
126.95
49.49
39.20
21.03
17.23
314.04
2468.78
11.40
25.77
15.86
407.04
454.27
97.02
1237.65
276.80
17.78
10.63
372.08
428.98
93.58
3594.31
362.20
498.62
42.38
141.02
224.84
228.24
166.93
465.69
1054.20
329.16
469.39
13.46
58.74
12.52
119.99
239.14
10.32
30.57
21.74
157.79
37.53
741.87
1055.75
159.11
449.55
2146.32
2.92
34.95
58.53
590.57
14.26
4.96
2647.47
1965.74
0.15
