0 	0
8 	1
14 	2
21 	3
24 	4
26 	5
31 	7
35 	10
40 	11
41 	12
44 	13
46 	14
49 	15
52 	16
53 	18
55 	19
58 	20
62 	22
63 	23
65 	25
67 	26
68 	29
71 	30
72 	31
73 	33
74 	34
77 	36
78 	37
79 	38
80 	42
81 	43
82 	44
85 	46
86 	47
88 	48
89 	51
90 	52
91 	57
92 	64
93 	68
94 	69
95 	74
96 	76
97 	78
98 	80
99 	81
100 	82
101 	83
102 	84
103 	89
104 	91
106 	96
107 	99
108 	102
109 	103
110 	107
111 	109
112 	110
113 	111
114 	113
116 	115
117 	117
119 	118
120 	126
121 	129
122 	143
123 	144
124 	145
125 	147
126 	148
127 	153
129 	162
130 	165
131 	168
132 	177
133 	179
134 	180
135 	182
136 	194
137 	199
138 	221
139 	222
140 	223
141 	225
142 	236
143 	237
144 	250
145 	255
146 	258
147 	268
148 	277
149 	293
150 	301
151 	302
152 	322
153 	335
154 	380
155 	391
156 	410
157 	412
158 	428
159 	434
160 	441
161 	445
162 	475
163 	481
164 	499
165 	501
166 	518
167 	524
168 	529
169 	535
170 	537
171 	556
172 	561
173 	572
175 	580
176 	591
177 	632
178 	652
179 	664
180 	687
181 	705
182 	781
183 	783
184 	797
185 	806
186 	865
187 	899
188 	922
189 	986
190 	1006
191 	1017
192 	1156
193 	1215
194 	1269
195 	1311
196 	1355
197 	1429
198 	1451
199 	1509
200 	1526
201 	1546
202 	1682
203 	1924
204 	2013
205 	2032
206 	2092
207 	2147
208 	2185
209 	2470
210 	2867
211 	3075
212 	3171
213 	3405
214 	3619
215 	3887
216 	4080
217 	4127
218 	4453
219 	4525
220 	4982
221 	5796
