0 	0
6 	1
16 	2
24 	3
26 	4
28 	5
30 	6
31 	7
35 	8
36 	9
39 	10
41 	11
44 	12
46 	13
47 	15
51 	16
54 	17
58 	18
60 	21
61 	22
63 	23
65 	25
66 	26
67 	30
68 	31
69 	35
71 	36
72 	37
74 	38
75 	39
78 	41
79 	44
82 	46
83 	47
84 	48
85 	49
86 	51
89 	52
90 	54
91 	55
92 	58
93 	60
94 	61
95 	62
96 	64
97 	67
98 	73
99 	75
100 	78
101 	79
102 	84
104 	86
105 	89
106 	91
109 	92
110 	97
111 	99
112 	103
114 	106
115 	107
116 	113
117 	114
118 	116
119 	125
120 	127
121 	129
122 	130
123 	133
124 	138
125 	144
126 	147
127 	160
128 	162
129 	167
130 	169
131 	189
132 	197
133 	199
134 	215
135 	220
136 	244
137 	255
138 	268
139 	274
140 	275
141 	276
142 	292
143 	296
145 	297
146 	304
147 	319
148 	383
149 	384
150 	392
151 	397
152 	402
153 	404
154 	411
155 	415
156 	422
157 	425
158 	443
159 	448
160 	468
161 	474
162 	479
164 	481
165 	489
166 	494
167 	500
168 	538
169 	545
170 	562
171 	564
173 	580
174 	585
175 	594
176 	598
177 	658
178 	678
179 	704
180 	712
181 	749
182 	755
183 	811
184 	815
185 	817
186 	820
187 	834
188 	902
189 	942
190 	1064
191 	1267
192 	1310
193 	1315
194 	1345
195 	1444
196 	1460
197 	1483
198 	1487
199 	1503
200 	1687
201 	1767
202 	1916
203 	1924
204 	2102
205 	2348
206 	2356
207 	2463
208 	2521
209 	2656
210 	2735
211 	2858
212 	2950
213 	3002
214 	3266
215 	3516
216 	3967
217 	4281
218 	5878
219 	5982
