0 	0
5 	1
14 	2
23 	3
27 	4
30 	5
31 	7
33 	8
38 	10
39 	11
41 	12
44 	13
48 	14
50 	17
53 	19
54 	21
55 	22
56 	24
58 	25
59 	31
61 	32
63 	33
64 	35
66 	36
69 	37
70 	38
71 	39
73 	41
74 	44
76 	45
77 	47
78 	49
79 	50
81 	52
82 	53
83 	55
84 	57
85 	63
86 	64
87 	67
89 	68
90 	70
91 	77
92 	78
93 	79
94 	87
95 	90
97 	93
99 	95
100 	96
101 	102
102 	103
103 	104
104 	109
105 	110
106 	116
107 	117
108 	123
109 	124
110 	125
111 	131
112 	132
114 	134
115 	136
116 	137
118 	140
119 	142
120 	144
121 	145
122 	148
123 	149
125 	150
126 	151
127 	156
128 	159
129 	169
130 	170
131 	172
132 	181
133 	188
135 	193
136 	196
137 	203
138 	234
139 	236
140 	239
141 	256
142 	266
143 	268
144 	274
145 	287
146 	291
147 	292
148 	313
149 	321
150 	324
151 	332
152 	347
153 	351
154 	379
155 	381
156 	388
157 	389
158 	410
159 	417
160 	423
161 	424
162 	446
163 	447
164 	473
165 	502
166 	510
167 	538
168 	542
170 	548
171 	567
172 	631
173 	644
174 	661
175 	671
176 	700
178 	709
179 	721
180 	748
181 	767
182 	796
183 	807
184 	813
185 	826
186 	859
187 	882
188 	894
189 	907
190 	947
191 	996
192 	1029
193 	1072
194 	1107
195 	1133
196 	1231
197 	1255
198 	1315
199 	1341
200 	1343
201 	1368
202 	1466
203 	1513
204 	1816
205 	1877
206 	1983
207 	2489
208 	2733
209 	2760
210 	2775
211 	2777
212 	2968
213 	3013
214 	3172
215 	3245
216 	3378
217 	3471
218 	3645
219 	3792
220 	4225
221 	4313
222 	4812
223 	4857
224 	5532
