34.19
106.05
155.70
311.27
635.03
1139.53
1919.22
3837.64
5179.22
1783.10
1179.51
25.73
1769.79
1959.47
4259.80
3684.21
1495.20
567.69
815.81
88.39
106.21
545.09
1.00
1.34
1.46
267.84
10.38
11.04
2.96
1.30
1.55
0.18
9.03
17.22
3.39
60.13
3.35
0.28
2.73
1.51
61.43
2738.16
1.07
18.16
164.50
22.30
2.42
653.66
184.50
969.57
2672.67
1688.11
126.58
118.54
3353.38
0.20
1.90
271.97
309.09
1444.73
13.00
52.96
94.16
76.26
88.53
40.46
9.62
643.36
5.67
19.49
7.20
92.79
252.50
42.28
164.59
461.32
5555.48
2.57
4.86
13.46
37.27
248.70
703.66
4259.70
1.30
9.08
10.40
10.67
370.56
1614.81
519.50
51.96
49.78
91.43
137.41
4.72
298.65
98.14
104.97
111.03
40.77
99.97
0.88
16.43
3.28
5438.18
1039.93
476.73
22.36
10.88
3398.28
0.69
3.86
305.46
17.44
1112.15
145.25
78.92
163.85
23.99
374.61
730.36
39.86
608.95
238.79
272.40
1048.21
2021.00
78.16
314.97
1632.14
458.68
57.29
49.74
1151.08
470.38
431.63
3629.66
105.09
60.22
35.66
454.70
713.48
719.81
5.90
10.76
3.84
15.64
12.81
40.21
63.12
273.71
168.86
313.86
605.67
518.68
73.36
110.09
137.72
377.83
25.31
508.83
37.56
401.37
5.06
10.66
1934.50
158.58
148.91
19.25
833.90
48.33
97.01
25.70
251.42
5668.65
10.02
24.05
18.91
546.38
862.01
106.30
1634.65
322.32
21.65
10.50
521.52
242.61
125.67
4757.25
536.02
712.82
49.94
207.99
281.54
178.31
177.86
603.23
1131.91
516.14
629.52
12.59
61.02
15.26
127.56
216.50
27.15
24.99
23.13
128.48
36.91
751.14
885.47
176.04
477.69
2619.99
13.77
6.07
93.97
499.50
812.64
1563.87
640.62
3190.94
0.13
