37.04
104.48
165.55
276.91
630.32
1550.22
1818.02
3831.36
4748.85
1415.28
660.05
24.52
1333.02
786.59
2444.21
1483.57
572.31
570.37
562.84
98.07
104.11
349.28
0.89
1.34
1.43
2415.81
10.28
1.38
2.98
1.31
1.78
0.19
12.64
31.14
2.99
73.17
2.87
0.27
3.83
1.57
39.27
3173.31
1.24
23.08
228.13
17.46
4.98
646.90
212.65
1213.29
2390.02
1954.59
111.48
167.35
3012.20
0.22
2.00
168.99
227.27
1269.17
14.37
40.73
145.99
100.75
133.47
40.09
10.40
525.47
8.58
25.19
13.64
23.01
167.10
34.35
141.88
2515.49
5354.53
251.13
2.62
4.41
13.53
30.59
235.39
598.43
2537.41
1.36
9.09
10.39
10.48
378.82
1761.86
459.55
52.42
49.87
90.55
144.93
5.20
329.25
106.89
92.67
115.53
36.82
88.39
0.99
16.98
3.69
5252.22
1545.42
528.72
16.28
17.91
3507.70
0.78
4.32
462.66
15.80
393.72
102.38
42.05
118.89
16.29
168.37
167.92
114.35
587.50
236.24
276.69
1600.62
1462.55
103.48
174.36
182.26
473.65
52.20
65.37
911.46
466.99
418.65
3493.52
106.91
59.96
36.22
182.48
255.46
747.91
7.30
3.69
13.06
9.70
33.92
58.80
83.23
572.97
170.43
184.31
300.99
231.83
78.70
90.65
186.40
233.97
28.86
493.27
35.97
420.27
4.98
14.67
3092.99
157.66
131.04
35.47
837.95
45.30
61.29
23.41
2706.61
285.18
4317.01
9.95
23.32
17.31
593.26
777.86
119.32
1433.17
352.44
15.02
9.80
388.72
1272.22
124.20
5690.16
478.77
635.41
43.87
166.55
233.65
168.83
161.81
663.43
1040.18
420.08
456.46
36.16
59.64
11.70
93.00
254.44
53.71
26.20
21.32
145.84
37.36
1098.14
1414.86
167.67
451.75
2493.17
29.95
64.52
95.95
525.02
45.17
391.00
2433.59
0.14
