0 	0
7 	1
15 	2
19 	3
23 	4
25 	5
27 	6
29 	7
30 	9
32 	10
38 	11
41 	12
43 	13
46 	14
47 	15
49 	16
50 	17
51 	18
54 	19
55 	20
56 	22
57 	23
59 	24
60 	25
64 	26
65 	27
66 	28
67 	33
68 	35
69 	36
71 	38
72 	39
73 	41
75 	42
76 	44
77 	47
78 	49
79 	51
80 	52
81 	54
82 	55
83 	56
84 	59
85 	60
87 	62
88 	63
89 	66
90 	67
91 	78
92 	79
93 	82
95 	90
96 	95
99 	96
100 	97
101 	98
102 	105
103 	106
104 	107
107 	108
109 	112
110 	122
111 	128
112 	129
113 	132
114 	134
115 	135
116 	138
117 	149
118 	159
119 	163
120 	167
121 	170
122 	173
123 	174
124 	180
125 	181
126 	182
127 	189
128 	207
129 	221
130 	231
131 	248
132 	251
133 	258
134 	259
135 	264
136 	271
137 	280
138 	281
139 	287
140 	292
141 	309
142 	311
144 	320
145 	322
146 	335
147 	378
148 	381
149 	389
150 	404
151 	407
152 	414
153 	430
154 	460
155 	463
156 	470
158 	477
159 	485
160 	508
161 	516
162 	524
163 	526
164 	528
165 	536
166 	550
167 	552
168 	567
169 	589
170 	607
171 	616
172 	627
173 	633
174 	649
175 	652
176 	663
177 	712
178 	741
179 	743
180 	750
181 	766
182 	821
183 	827
184 	842
185 	874
186 	893
187 	921
188 	1005
189 	1061
190 	1066
191 	1118
192 	1175
193 	1180
194 	1272
195 	1303
196 	1447
197 	1513
198 	1559
199 	1589
200 	1590
201 	1653
203 	1776
204 	1806
205 	1885
206 	2033
207 	2040
208 	2045
209 	2428
210 	2543
211 	2607
212 	2673
213 	2704
214 	2832
215 	3245
216 	3379
217 	3428
218 	3675
220 	3729
221 	4312
222 	5122
223 	5311
224 	5483
225 	5622
