26.01
75.78
189.06
310.12
661.63
1095.74
1665.97
2716.79
4472.42
1156.20
1013.95
29.48
940.98
883.92
1280.33
2036.17
348.85
622.63
5884.36
426.69
86.86
112.12
613.36
1.46
3.95
1.81
451.26
3.80
10.95
15.31
3.93
3.07
0.36
6.30
4.98
2.82
30.72
4.06
0.65
5.63
3.70
84.53
1078.61
0.92
15.25
114.36
27.43
1.62
441.17
96.78
2615.15
3459.15
2111.87
71.10
95.44
2967.95
0.25
6.02
291.92
289.77
1098.20
13.90
56.47
124.89
79.32
109.73
38.48
7.63
581.96
6.14
28.07
3.28
11.53
147.48
679.19
2106.80
1997.04
595.29
3.05
5.49
15.35
35.37
222.79
699.18
3072.57
2.53
3.54
19.76
10.84
511.58
2257.17
660.70
58.92
66.60
113.28
179.14
4.94
259.82
99.29
103.99
136.07
44.50
119.92
1.35
14.28
3.52
4439.82
896.18
404.99
13.56
13.73
3458.70
0.70
4.30
502.97
9.92
222.13
2731.30
76.34
25.51
81.37
90.57
199.74
312.11
96.27
83.84
27.92
22.91
402.30
58.94
174.13
243.94
185.64
43.22
50.13
307.88
390.48
515.64
4720.41
72.41
639.30
18.93
252.15
822.12
405.08
4.16
6.94
15.31
10.10
18.63
15.86
28.65
148.32
263.64
545.51
256.48
507.54
64.34
113.86
428.14
631.98
17.70
444.37
15.28
279.39
1.17
11.06
2072.62
174.81
215.55
40.92
41.37
77.43
9.35
242.98
2034.57
12.77
13.97
25.41
576.25
566.46
112.24
986.61
177.98
23.19
24.61
607.84
777.47
115.80
5678.97
425.56
470.28
57.95
169.12
212.03
167.75
155.87
504.31
836.18
372.88
585.54
47.57
54.52
36.33
95.01
145.10
47.02
22.63
25.59
133.84
29.29
34.85
615.75
184.44
417.29
2515.07
27.20
29.39
76.38
48.01
261.21
114.30
5667.38
4064.82
0.12
