41.71
100.87
165.05
330.45
629.64
1189.99
1377.71
3819.36
1507.89
659.67
24.53
887.63
811.47
3893.48
1728.88
852.55
568.52
510.76
97.76
99.39
398.46
0.96
1.47
1.67
1940.91
12.21
1.63
2.51
1.48
1.60
0.21
12.52
27.43
3.05
73.70
2.86
0.27
3.80
1.72
39.19
3445.74
1.14
23.01
227.80
20.51
5.76
608.76
188.29
1209.45
1645.60
1951.44
111.33
181.16
3005.24
0.21
2.28
170.08
227.13
1270.12
16.70
40.53
146.54
100.94
114.75
39.79
11.90
524.31
8.46
28.92
15.73
25.15
168.43
37.67
132.96
2472.61
5278.93
266.44
2.26
4.10
13.78
34.25
235.00
686.45
2218.31
1.52
9.13
10.74
12.42
314.63
1754.61
366.92
52.35
51.79
90.03
128.61
5.16
327.00
111.91
101.16
100.79
41.80
100.55
0.89
18.05
4.04
3990.22
1422.87
517.12
17.92
15.81
2557.19
0.74
4.08
462.36
16.27
399.82
102.36
42.04
114.17
16.39
169.35
185.94
127.89
616.74
244.00
277.22
1762.99
1648.62
107.42
173.61
171.92
475.37
54.80
65.06
992.11
463.22
412.10
3486.90
110.95
61.23
35.79
182.67
298.91
616.87
7.24
3.99
12.98
9.64
30.25
66.38
94.16
546.48
191.20
165.38
333.13
208.72
79.48
89.97
191.45
232.95
24.83
491.29
38.04
492.43
5.00
12.74
2285.89
148.91
101.08
30.49
833.88
45.44
50.55
27.22
2102.42
298.09
4357.02
10.97
23.22
15.26
591.84
776.50
94.98
962.12
353.02
16.92
9.67
400.89
1266.22
123.70
5694.58
476.08
826.68
44.69
198.42
203.59
168.85
174.41
539.35
845.26
378.24
408.86
36.33
59.12
13.84
82.21
227.81
54.55
29.71
21.26
150.49
37.19
1469.48
1770.07
174.46
453.59
2168.14
26.35
73.96
100.73
453.29
41.74
453.47
2426.66
0.14
