0 	0
6 	1
12 	2
15 	3
22 	4
25 	5
29 	6
30 	7
31 	8
33 	9
35 	10
36 	11
39 	12
42 	13
43 	14
48 	15
50 	17
53 	18
54 	19
58 	20
60 	21
61 	22
64 	23
65 	24
66 	25
69 	26
70 	27
71 	30
72 	34
73 	35
74 	37
75 	38
76 	40
78 	42
80 	44
81 	46
83 	47
84 	49
85 	54
86 	55
88 	58
89 	62
90 	64
91 	67
92 	69
93 	73
94 	78
96 	79
97 	82
98 	85
99 	87
101 	89
102 	94
103 	95
104 	98
105 	100
106 	102
107 	107
108 	111
109 	115
110 	117
111 	118
113 	119
115 	122
116 	123
117 	127
118 	128
119 	132
120 	133
121 	134
122 	135
124 	138
125 	155
126 	156
127 	166
128 	174
129 	179
130 	187
131 	189
132 	190
133 	191
134 	201
135 	226
136 	231
137 	236
138 	251
139 	253
140 	259
141 	266
142 	267
143 	270
144 	271
145 	275
146 	287
147 	310
148 	321
149 	328
150 	336
151 	341
152 	354
153 	355
154 	359
155 	396
156 	422
157 	427
158 	432
159 	442
160 	443
161 	445
162 	446
163 	447
164 	452
165 	480
166 	486
167 	487
168 	500
169 	514
170 	518
171 	565
172 	573
173 	578
174 	583
175 	589
176 	608
177 	615
178 	616
179 	619
180 	620
181 	638
182 	663
183 	665
184 	677
185 	692
186 	729
187 	738
188 	779
189 	782
190 	816
191 	867
192 	955
193 	1008
194 	1088
195 	1103
196 	1104
197 	1243
198 	1245
199 	1248
200 	1284
201 	1397
202 	1492
203 	1531
204 	1589
205 	1752
206 	2012
207 	2155
208 	2161
209 	2176
210 	2210
211 	2299
212 	2554
213 	2617
214 	2631
215 	2812
216 	3393
217 	3478
218 	4137
219 	4354
220 	4789
221 	5013
222 	5227
