34.85
107.20
165.92
317.96
713.51
1426.51
1915.94
3886.71
5517.66
1179.11
1179.32
22.13
1447.55
2027.76
5009.35
4404.73
720.36
572.37
820.19
89.67
107.90
548.92
0.96
1.34
1.51
270.10
10.56
11.26
2.96
1.32
1.56
0.18
9.11
17.40
3.42
61.92
3.39
0.27
2.77
1.54
65.36
2783.28
1.08
18.45
166.03
22.66
2.50
666.12
187.89
1670.58
1866.75
2093.58
108.99
157.63
4557.87
0.20
1.89
277.80
310.90
1449.27
13.14
53.52
94.75
77.51
89.77
41.39
9.80
651.68
5.75
19.72
7.23
95.73
254.79
43.13
167.95
473.61
5647.97
2.60
4.90
13.84
37.79
250.96
709.98
4300.98
1.35
9.26
10.37
10.92
377.16
1640.29
527.61
53.42
50.86
93.97
139.89
4.81
304.15
100.17
107.21
112.73
40.90
101.27
0.86
16.99
3.52
4828.95
1056.24
485.36
23.13
11.23
3541.12
0.72
4.12
320.94
18.13
1115.37
148.39
81.31
169.30
24.79
379.96
742.43
40.93
620.49
247.63
282.89
3271.20
344.20
107.69
123.19
249.99
463.25
58.63
50.88
1172.29
479.50
439.31
3689.61
105.85
57.95
35.63
466.99
726.87
732.32
6.08
11.03
3.96
16.01
13.27
41.67
64.99
280.00
172.13
319.45
614.31
527.94
74.51
112.00
141.04
386.34
25.63
517.04
36.77
405.69
5.04
10.86
2545.56
167.70
157.01
19.65
845.96
48.85
97.87
26.12
288.39
1665.08
7.60
22.71
15.04
488.57
818.98
98.88
2331.88
323.57
16.40
10.46
608.67
778.95
130.82
522.64
781.96
71.08
148.63
268.33
202.40
102.11
558.42
1347.17
412.16
342.09
13.91
61.44
16.89
99.29
267.27
30.09
25.33
23.49
130.32
37.53
753.35
902.88
176.62
421.35
2513.93
13.88
6.12
95.34
506.68
824.40
1583.76
648.21
3230.44
0.12
