41.74
109.34
220.03
440.50
921.29
2146.11
2866.15
5795.23
1545.09
161.42
21.81
1508.73
1923.45
4079.67
2091.05
1005.82
571.34
782.49
79.70
81.04
631.81
1.02
1.56
0.71
2012.01
6.76
9.98
3.65
1.31
1.52
0.18
12.18
4.90
3.27
56.14
2.12
0.26
2.56
1.68
73.04
2184.95
0.96
25.91
146.95
21.42
2.72
498.13
35.19
181.95
686.16
1681.55
1525.44
114.96
106.67
3618.44
0.23
2.14
193.01
235.01
898.92
4981.24
11.86
45.27
117.14
75.70
142.94
45.63
9.65
780.96
13.89
19.75
30.09
80.61
29.55
334.48
2031.23
4524.52
2.78
6.63
12.57
35.95
257.77
590.32
3404.37
1.75
14.86
17.38
9.21
379.08
1450.86
480.43
46.33
50.38
88.79
128.54
2.76
249.19
83.35
82.88
108.19
33.20
95.34
0.92
10.77
4.10
1155.30
500.56
15.11
6.59
3170.87
0.66
3.86
536.56
18.56
433.77
221.95
90.11
21.53
36.75
95.50
47.67
116.67
147.78
321.05
9.43
4452.65
1310.23
67.55
267.46
300.83
144.98
47.96
45.60
517.96
523.06
474.05
4126.58
112.49
51.92
68.01
427.18
301.66
805.73
6.44
6.21
13.92
12.08
24.95
29.01
110.57
409.36
254.30
444.05
161.27
236.55
77.93
102.61
292.81
390.76
25.73
579.84
22.26
411.40
2.76
10.85
2469.15
152.60
176.30
21.52
35.92
63.36
15.88
198.23
1354.58
10.06
19.82
14.58
663.71
1016.90
101.28
3886.49
555.67
18.57
15.17
579.97
1268.58
98.64
651.50
864.34
32.06
167.15
224.63
164.02
179.30
704.61
1428.20
560.56
528.37
29.51
43.40
19.56
125.69
222.20
28.67
24.95
14.02
117.33
37.26
796.15
985.56
276.87
534.62
3074.38
42.25
10.48
143.03
10.14
178.51
114.30
1214.57
0.12
