0 	0
13 	1
22 	2
24 	3
27 	4
29 	5
30 	6
31 	7
33 	9
38 	11
40 	12
42 	13
45 	15
48 	16
49 	17
50 	18
52 	21
53 	22
55 	23
56 	24
57 	26
58 	27
59 	28
60 	29
61 	31
62 	32
63 	33
66 	34
67 	35
68 	38
70 	39
72 	41
74 	47
76 	48
78 	52
80 	54
81 	55
82 	58
83 	59
84 	61
85 	62
86 	68
87 	69
88 	70
89 	78
90 	83
91 	85
92 	86
93 	89
95 	94
97 	96
98 	102
99 	105
100 	106
101 	108
102 	109
103 	111
104 	123
105 	124
106 	127
107 	139
108 	140
109 	143
110 	145
111 	148
112 	149
113 	150
114 	157
115 	158
116 	159
117 	161
120 	163
121 	174
122 	175
123 	179
124 	185
125 	192
128 	197
129 	201
130 	202
131 	205
132 	211
133 	219
134 	221
135 	232
136 	242
137 	247
138 	261
139 	264
140 	270
141 	274
142 	280
143 	285
144 	289
145 	293
146 	295
147 	305
148 	307
149 	319
150 	329
151 	346
152 	363
153 	407
154 	423
155 	424
156 	443
157 	452
159 	461
160 	466
161 	498
162 	550
163 	556
164 	557
165 	577
166 	615
167 	625
168 	656
169 	703
170 	704
171 	721
172 	783
173 	798
174 	812
175 	818
176 	820
177 	825
178 	838
179 	927
180 	987
181 	1001
182 	1017
183 	1018
184 	1030
185 	1100
186 	1153
187 	1186
188 	1211
189 	1251
190 	1372
191 	1374
192 	1384
193 	1439
194 	1541
195 	1554
196 	1649
197 	1715
198 	1757
199 	1775
200 	1860
201 	1903
202 	1997
203 	2042
204 	2106
205 	2128
206 	2401
207 	2439
208 	2819
209 	2916
210 	3206
211 	3332
212 	3406
213 	3583
214 	3586
215 	4245
216 	4761
217 	4917
218 	5159
219 	5281
220 	5870
