85.18
191.19
328.74
624.32
1371.75
2127.73
3205.72
5280.64
782.24
837.82
31.37
1714.23
1902.29
5158.49
1540.03
1553.45
556.88
148.42
260.89
614.87
0.86
0.86
2.75
1017.97
4.68
14.57
1.66
0.46
0.59
0.11
5.22
10.61
0.66
33.49
1.34
0.12
2.86
0.66
69.72
1774.18
0.92
20.78
231.05
22.43
3.46
1000.58
144.62
174.03
926.44
2400.70
1756.95
95.80
158.05
1996.16
0.14
1.50
288.15
294.46
3585.87
14.55
47.95
160.93
218.87
460.58
95.35
123.08
819.56
8.11
30.37
82.96
51.54
110.83
107.27
2818.60
1210.62
3405.20
3.80
10.77
27.37
77.57
442.35
1648.26
1.03
14.86
17.21
12.30
406.83
1099.70
88.98
51.68
53.59
93.15
147.74
4.61
284.23
122.12
162.94
149.94
46.49
126.64
1.31
16.64
11.22
1373.61
824.51
28.62
10.87
4916.00
1.45
10.19
1185.29
8.57
201.56
40.14
306.88
269.97
67.52
33.93
184.00
139.30
178.89
246.46
11.59
3582.66
2105.32
173.58
138.48
702.74
93.09
105.15
108.37
451.50
720.03
655.06
4760.33
142.02
53.74
57.59
210.66
423.97
811.37
1.66
1.62
0.82
1.86
0.64
6.83
23.61
220.52
292.54
196.29
196.58
273.89
47.38
200.56
460.19
497.01
10.53
362.63
101.92
157.03
22.10
34.65
3331.19
204.53
318.45
60.39
38.25
68.18
46.53
241.25
1859.44
12.76
21.48
25.59
1016.46
422.18
84.03
5869.09
1029.87
26.25
38.97
549.57
1383.58
156.36
1250.28
817.59
37.70
162.08
304.01
263.60
196.78
1438.79
2041.83
797.32
703.07
15.41
33.27
20.97
61.76
162.55
40.42
15.70
32.97
279.96
104.50
986.74
1152.65
345.63
555.59
4244.45
3.07
54.44
15.46
576.09
465.53
58.13
2438.56
2915.37
0.12
