0 	0
7 	1
15 	2
19 	3
21 	4
25 	5
28 	6
29 	7
30 	8
31 	9
33 	10
36 	11
37 	12
41 	13
42 	14
43 	15
46 	16
47 	17
49 	18
51 	22
55 	24
56 	25
57 	26
58 	28
59 	29
60 	30
61 	33
64 	34
65 	35
67 	38
68 	39
69 	40
70 	42
72 	43
73 	46
74 	49
76 	51
77 	52
78 	54
80 	55
81 	57
82 	58
83 	60
84 	61
85 	66
86 	69
88 	71
89 	75
90 	78
91 	87
93 	90
94 	91
96 	92
98 	95
99 	103
100 	104
102 	111
103 	120
104 	124
105 	127
106 	128
107 	147
108 	151
109 	162
110 	165
111 	166
112 	174
113 	175
114 	176
115 	177
116 	179
117 	184
118 	187
119 	191
120 	194
121 	202
122 	206
123 	207
124 	212
125 	214
126 	217
127 	219
128 	223
129 	225
130 	239
131 	250
132 	255
133 	259
134 	266
135 	274
138 	282
139 	286
140 	290
141 	294
142 	303
143 	309
144 	322
145 	330
147 	336
148 	343
149 	348
150 	361
151 	385
152 	409
153 	434
154 	439
155 	459
156 	491
157 	493
158 	510
159 	538
160 	545
161 	583
162 	587
163 	607
164 	608
165 	637
166 	667
167 	696
168 	734
169 	736
170 	769
171 	775
172 	782
173 	788
174 	797
175 	847
176 	860
177 	863
178 	886
179 	895
180 	935
181 	954
182 	1016
183 	1037
184 	1073
185 	1100
186 	1167
187 	1194
188 	1248
189 	1250
190 	1291
191 	1349
192 	1480
193 	1555
194 	1565
195 	1593
196 	1603
197 	1853
198 	1862
199 	1882
200 	1891
201 	2005
202 	2100
203 	2170
204 	2251
205 	2252
206 	2265
207 	2295
208 	2434
209 	2523
210 	2741
211 	3319
212 	3908
213 	3930
214 	3965
215 	4320
216 	4789
217 	5092
218 	5807
