41.03
109.87
243.21
491.38
814.89
1921.17
3097.18
5919.61
1470.99
676.49
60.39
1565.73
2069.66
3613.40
5270.99
1388.52
788.69
810.56
79.34
70.19
1381.51
0.96
1.50
1.60
728.74
9.41
14.94
6.52
1.81
3.09
0.11
14.17
11.70
3.87
83.84
1.95
0.14
5.95
0.65
204.97
1540.46
0.11
30.89
115.80
27.91
5.18
440.58
171.75
1022.64
1542.48
2426.12
69.91
84.12
4058.57
0.23
1.95
188.22
237.72
1600.74
12.99
42.84
111.20
69.60
104.07
44.31
8.08
587.93
25.23
24.13
40.89
118.88
16.07
1296.13
1956.34
1736.17
1455.55
3.62
7.74
25.98
60.13
263.13
669.26
2887.94
2.08
8.44
88.21
14.82
418.83
1451.21
623.15
55.08
51.48
92.01
142.73
4.14
315.80
97.88
106.72
129.86
46.63
110.43
0.95
16.90
5.33
5786.33
1671.95
456.95
18.89
12.04
3489.44
1.71
4.64
639.69
14.30
327.60
80.02
151.90
104.32
32.89
74.25
448.30
77.59
4.68
50.32
4.07
282.61
108.52
304.01
201.91
292.36
53.88
54.78
313.38
308.97
364.06
3927.25
90.20
40.93
74.38
407.16
651.90
875.77
3.07
10.31
10.36
27.78
19.60
22.49
46.08
166.22
488.46
476.73
131.50
560.20
44.54
91.91
290.41
139.93
17.31
426.68
16.38
205.52
0.95
11.86
4322.74
170.39
254.04
35.95
30.21
69.98
8.32
302.17
5556.31
32.93
33.29
42.10
616.60
1195.40
99.01
2116.90
482.34
59.28
35.71
806.07
1144.08
130.90
522.44
553.44
63.30
136.29
240.07
152.27
94.50
647.12
1712.96
409.01
381.13
81.87
78.23
44.60
174.69
348.53
187.47
26.03
17.08
131.56
39.36
1157.88
15.60
261.93
782.57
4259.97
40.27
21.03
63.47
273.33
535.09
33.79
4878.44
1193.35
0.14
