0 	0
7 	1
15 	2
20 	3
23 	4
26 	5
28 	6
29 	7
30 	8
31 	9
35 	10
39 	11
42 	12
44 	13
47 	14
48 	15
49 	16
50 	17
51 	18
53 	19
54 	20
56 	21
58 	22
61 	23
63 	25
66 	26
67 	27
68 	28
69 	32
70 	34
71 	35
72 	36
74 	38
75 	39
76 	42
77 	43
78 	44
79 	47
80 	49
81 	50
82 	51
83 	54
84 	55
85 	56
87 	57
88 	61
90 	62
91 	63
92 	82
93 	83
94 	90
95 	95
96 	96
99 	98
100 	99
101 	103
103 	104
104 	106
106 	107
107 	110
109 	116
110 	118
111 	122
112 	129
114 	130
115 	133
116 	135
117 	139
118 	141
119 	142
120 	149
121 	161
122 	165
123 	166
124 	167
125 	169
126 	171
127 	176
128 	181
129 	201
130 	203
131 	220
132 	235
133 	240
134 	248
135 	252
136 	260
138 	271
139 	274
140 	280
141 	281
142 	294
143 	302
145 	312
146 	319
147 	321
148 	344
149 	382
150 	404
151 	408
152 	440
153 	449
154 	461
155 	463
156 	474
157 	476
158 	478
159 	508
160 	516
161 	528
162 	533
163 	534
164 	548
165 	553
166 	556
167 	557
168 	558
169 	564
170 	567
171 	569
172 	572
173 	614
174 	628
175 	650
176 	662
177 	699
178 	713
179 	742
180 	759
181 	780
182 	826
183 	835
185 	844
186 	896
187 	901
188 	942
189 	977
190 	1044
191 	1076
192 	1114
193 	1126
194 	1180
195 	1202
196 	1220
197 	1378
198 	1439
199 	1544
200 	1587
201 	1701
202 	1711
203 	1750
204 	1872
205 	1880
206 	1887
207 	1918
208 	2047
209 	2284
210 	2423
211 	2728
212 	2777
213 	3235
214 	3435
215 	3596
216 	3663
217 	3697
218 	3731
219 	4302
220 	5182
221 	5485
222 	5519
223 	5903
