0 	0
11 	1
25 	2
28 	3
30 	4
32 	7
36 	8
39 	9
43 	10
46 	11
48 	12
51 	13
54 	14
55 	15
56 	16
57 	17
62 	19
63 	22
64 	23
65 	25
66 	26
68 	28
70 	31
73 	34
75 	36
77 	40
79 	43
80 	47
82 	49
84 	51
86 	52
87 	55
89 	56
90 	57
91 	62
92 	64
93 	66
95 	70
96 	71
97 	74
98 	75
100 	81
101 	83
102 	87
103 	91
104 	99
105 	102
106 	108
107 	109
108 	113
109 	117
110 	119
111 	120
112 	125
113 	128
114 	130
115 	131
116 	138
117 	142
118 	144
119 	147
120 	154
122 	164
123 	175
124 	177
125 	183
126 	187
127 	193
128 	211
129 	217
130 	227
131 	230
132 	231
133 	235
135 	236
136 	240
137 	248
138 	280
139 	282
140 	295
141 	300
142 	306
143 	313
144 	316
145 	317
146 	329
147 	339
148 	344
149 	346
150 	371
151 	384
152 	390
153 	393
154 	403
155 	404
156 	406
157 	410
158 	412
159 	420
160 	425
161 	446
162 	481
163 	482
164 	517
165 	532
166 	556
167 	565
168 	593
169 	605
170 	608
171 	613
172 	692
173 	698
174 	702
175 	733
176 	754
177 	798
178 	803
180 	828
181 	957
182 	1026
183 	1072
184 	1102
185 	1118
186 	1150
187 	1161
188 	1304
189 	1320
190 	1336
191 	1351
192 	1400
193 	1516
194 	1540
195 	1808
196 	1823
197 	2113
198 	2136
199 	2208
200 	2312
201 	2527
202 	2705
203 	2986
204 	3581
205 	3720
206 	3745
207 	4218
208 	4247
209 	4433
210 	4672
