0 	0
6 	1
17 	2
21 	3
23 	4
29 	5
30 	7
32 	9
33 	10
35 	11
41 	12
42 	13
44 	14
45 	15
46 	16
50 	18
55 	19
56 	22
57 	23
58 	25
59 	26
60 	29
63 	30
64 	31
65 	32
66 	35
67 	36
68 	37
70 	38
71 	39
72 	42
73 	43
75 	44
76 	46
77 	48
78 	49
80 	50
82 	51
84 	52
85 	53
86 	54
87 	56
88 	57
89 	71
90 	72
91 	79
92 	80
93 	85
95 	86
96 	90
97 	95
98 	96
99 	97
101 	99
102 	102
103 	104
104 	107
105 	109
106 	110
108 	111
109 	112
110 	117
111 	119
112 	121
114 	130
115 	132
117 	135
118 	142
119 	145
120 	146
122 	147
123 	153
124 	155
125 	157
126 	158
127 	161
128 	169
129 	171
130 	172
131 	177
132 	181
133 	210
134 	216
137 	226
138 	227
139 	260
140 	266
141 	276
142 	279
143 	293
144 	306
145 	312
146 	313
147 	323
148 	332
149 	333
150 	341
151 	350
152 	368
153 	381
154 	386
155 	405
156 	412
157 	416
158 	430
159 	440
160 	441
161 	448
162 	455
163 	472
164 	486
165 	490
166 	493
167 	500
168 	522
169 	526
170 	557
171 	573
172 	589
173 	611
174 	614
175 	621
176 	626
177 	633
178 	636
179 	649
180 	655
181 	663
182 	667
183 	668
184 	692
185 	696
186 	708
187 	847
188 	859
189 	980
190 	982
191 	1003
192 	1038
193 	1046
194 	1084
195 	1134
196 	1174
197 	1176
198 	1290
199 	1446
200 	1462
201 	1532
202 	1769
203 	1841
204 	1844
205 	1934
206 	2066
207 	2079
208 	2368
209 	2404
210 	2475
211 	2656
212 	2937
213 	2944
214 	2985
215 	3161
216 	3262
217 	3451
218 	3483
219 	3638
220 	3719
221 	3744
222 	4354
223 	5028
