0 	0
13 	1
22 	2
25 	3
28 	4
29 	6
30 	7
32 	9
34 	10
39 	11
40 	12
43 	13
46 	14
47 	15
48 	16
49 	18
50 	19
51 	21
52 	22
54 	23
56 	24
57 	25
61 	28
62 	31
64 	32
65 	33
66 	34
68 	35
70 	36
71 	39
72 	44
73 	48
74 	51
76 	55
77 	57
79 	58
80 	66
81 	70
82 	72
83 	74
85 	75
86 	77
87 	79
88 	81
89 	82
90 	89
91 	90
92 	95
93 	97
94 	100
95 	106
96 	108
97 	110
99 	111
100 	112
101 	113
102 	122
104 	129
105 	133
106 	136
107 	137
108 	143
109 	145
110 	149
111 	150
112 	159
113 	163
114 	165
115 	176
116 	180
118 	183
120 	184
121 	188
122 	190
123 	192
125 	201
126 	205
127 	208
128 	213
129 	216
130 	223
131 	242
132 	252
133 	256
134 	258
135 	261
136 	263
137 	281
138 	282
139 	285
140 	286
141 	297
142 	312
143 	319
144 	331
145 	335
146 	340
148 	346
150 	349
151 	352
152 	358
153 	371
154 	413
155 	414
157 	418
158 	431
159 	466
160 	481
161 	494
162 	498
163 	526
164 	545
165 	573
166 	601
167 	621
168 	643
169 	679
170 	698
171 	741
172 	772
173 	784
174 	801
175 	804
176 	812
177 	823
178 	834
179 	886
180 	934
181 	939
182 	946
183 	952
184 	1000
185 	1015
186 	1032
187 	1100
188 	1102
189 	1119
190 	1233
191 	1333
192 	1340
193 	1441
194 	1510
195 	1603
196 	1697
197 	1727
198 	1804
199 	1847
200 	1911
201 	1994
202 	2189
203 	2285
204 	2616
205 	2722
206 	2936
207 	2941
208 	3003
209 	3544
210 	3605
211 	3940
212 	4188
213 	4284
214 	4358
215 	4991
216 	5044
217 	5050
218 	5086
219 	5546
