56.24
141.27
206.83
431.17
741.14
1615.77
1934.83
3889.50
5593.21
697.16
680.27
18.32
765.17
2527.31
2517.62
2290.91
522.83
542.26
796.35
160.83
102.85
509.17
0.87
1.37
1.85
1269.49
7.44
14.88
2.24
1.41
1.74
0.20
6.89
16.82
4.86
36.87
3.46
0.28
3.21
1.58
69.06
2737.73
1.21
24.57
111.59
20.66
3.38
767.36
229.15
814.10
960.94
1756.27
136.11
162.22
4204.65
0.21
1.96
158.58
249.68
1601.47
4914.19
12.28
63.08
111.67
83.48
136.39
45.13
8.23
567.06
14.53
36.38
52.69
79.66
307.80
544.94
905.04
1119.13
2001.53
2.72
5.40
12.68
31.69
177.95
776.31
2552.71
1.41
9.19
10.14
10.53
404.57
1108.06
465.67
49.46
48.69
80.46
116.28
4.97
280.78
88.68
92.81
116.32
41.54
90.13
0.98
14.24
7.31
1526.36
1776.26
20.09
11.84
3203.45
0.89
3.31
416.31
16.99
523.42
48.95
64.93
64.76
71.76
292.26
115.10
14.77
304.76
213.34
58.84
330.79
688.74
72.97
111.85
574.12
434.86
62.26
51.44
875.58
472.72
398.16
3363.46
104.95
45.15
37.28
352.28
454.90
760.09
3.67
10.36
6.56
6.18
32.56
38.54
107.99
285.95
425.67
578.52
477.99
182.55
132.96
235.32
293.79
366.68
19.69
559.77
43.40
463.58
43.77
12.53
4783.09
146.66
156.74
20.56
37.80
75.72
17.65
294.25
3088.02
11.28
24.79
16.49
322.71
460.21
103.43
1185.41
261.58
14.75
11.75
509.53
590.57
105.94
5739.95
456.15
547.54
47.27
195.76
211.50
168.85
122.42
414.53
1061.86
384.83
336.59
37.67
56.18
11.31
114.43
199.02
76.04
27.67
32.02
188.40
38.98
285.66
1602.22
199.53
423.59
2681.09
34.03
14.10
106.93
129.25
1.53
504.64
4108.42
0.14
