0 	0
6 	1
11 	2
13 	3
22 	4
27 	5
29 	6
33 	7
34 	8
36 	10
39 	11
41 	12
42 	13
46 	14
47 	15
53 	16
54 	18
56 	19
57 	20
59 	23
60 	24
61 	25
64 	26
65 	27
68 	28
70 	29
73 	30
74 	31
75 	35
76 	36
77 	37
78 	39
79 	41
80 	42
81 	44
82 	45
84 	48
85 	49
86 	51
87 	55
88 	57
89 	58
91 	59
92 	65
93 	67
94 	72
95 	73
96 	76
98 	77
99 	78
100 	80
101 	82
102 	84
103 	85
104 	87
105 	91
107 	96
109 	97
110 	100
111 	104
112 	110
114 	113
116 	114
118 	115
119 	116
120 	120
121 	125
122 	134
123 	137
124 	146
125 	148
126 	149
127 	156
128 	168
129 	170
131 	175
132 	178
133 	180
134 	185
135 	186
136 	190
137 	200
138 	213
139 	216
141 	223
142 	243
143 	244
144 	253
145 	257
146 	260
147 	262
148 	264
149 	280
150 	290
151 	292
152 	308
153 	311
154 	313
155 	349
156 	373
157 	391
158 	403
159 	405
160 	406
161 	418
162 	426
163 	427
164 	429
165 	442
166 	445
167 	452
168 	471
169 	503
170 	505
171 	508
172 	512
173 	516
174 	546
175 	567
176 	577
177 	582
178 	586
179 	596
180 	608
181 	614
182 	616
183 	623
184 	632
185 	640
186 	661
187 	662
188 	680
189 	700
190 	778
191 	823
192 	837
193 	884
194 	897
195 	941
196 	987
197 	1014
198 	1079
199 	1096
200 	1099
201 	1157
202 	1281
203 	1666
204 	1998
205 	2035
206 	2037
207 	2073
208 	2107
209 	2112
210 	2258
211 	2516
212 	2616
213 	2717
214 	2732
215 	2968
216 	3073
217 	3459
218 	3460
219 	4065
220 	4440
221 	4473
222 	4721
223 	5668
224 	5679
225 	5885
