146.89
201.28
307.11
659.57
1296.87
1858.48
3296.53
408.60
70.36
32.18
1890.19
1408.10
5811.90
1299.99
1003.87
579.87
169.94
219.86
521.08
0.88
0.90
4.01
1622.05
6.86
3.61
1.53
0.44
0.61
0.10
13.10
11.07
2.35
105.63
0.97
0.15
3.03
0.60
49.23
1759.62
0.80
21.23
462.72
22.51
4.43
812.99
235.24
781.26
1329.44
1163.56
133.60
117.02
2032.90
0.17
0.99
523.43
270.07
1956.28
15.83
43.31
184.56
259.87
487.27
93.76
121.36
928.72
1.19
33.59
73.05
98.39
11.27
216.31
113.96
3778.16
3.46
9.96
24.87
69.42
424.44
1497.41
1.16
16.81
23.73
10.20
371.50
931.60
101.20
49.54
55.83
83.21
107.17
4.22
17.35
160.52
142.23
101.58
47.02
97.92
0.70
9.84
9.92
5598.53
2676.73
691.18
26.02
11.17
4420.49
1.22
8.25
584.56
13.52
232.81
4986.01
51.97
45.90
850.78
93.75
975.31
439.28
195.68
188.70
212.36
361.88
2004.99
200.09
105.00
186.22
1219.49
109.62
140.94
165.55
619.49
673.85
703.26
4805.25
105.79
43.83
64.25
545.92
585.72
679.99
6.16
2.80
6.86
3.73
1.03
13.83
13.39
185.25
126.86
219.38
194.34
181.29
53.96
93.85
304.53
485.73
11.18
356.37
137.36
159.57
93.50
20.29
2513.41
163.66
149.20
46.97
37.95
59.18
49.89
270.46
1670.31
7.80
21.78
19.86
830.19
1260.30
90.07
2846.94
882.10
23.43
35.32
592.08
1054.59
136.38
1004.17
1025.18
51.32
156.98
310.20
251.67
157.14
1103.15
1758.99
586.39
773.22
17.15
28.45
40.49
94.84
128.31
42.02
20.01
18.97
342.74
130.50
556.73
1280.89
449.84
583.00
4604.60
27.96
71.02
82.49
98.46
163.13
1344.18
2431.25
2789.99
0.12
