23.12
75.14
155.66
321.03
701.32
963.88
1332.20
3015.92
3878.36
841.00
611.29
34.15
786.73
828.04
1687.26
1509.13
364.57
620.25
5226.12
806.99
52.89
116.02
484.14
1.46
3.78
1.43
2976.59
19.38
9.59
14.56
2.20
2.89
0.30
14.63
19.40
2.88
12.10
2.52
0.36
8.16
2.60
110.63
1137.81
0.42
16.80
72.92
23.00
2.34
420.05
100.17
1816.59
1349.96
1861.19
67.86
88.93
5869.81
0.22
5.08
315.18
290.12
1622.23
15.94
40.49
103.00
84.08
102.39
41.87
9.43
602.95
15.10
24.08
5.49
39.88
104.89
166.39
1910.60
4566.19
2189.82
3.71
7.00
14.52
35.55
241.40
688.53
2861.32
2.07
3.55
66.32
10.65
539.15
2094.17
780.35
63.88
70.76
124.64
190.84
5.21
287.31
111.98
118.47
141.04
55.48
130.97
1.30
15.10
5.55
4713.25
920.99
386.40
15.97
13.27
3366.27
0.91
5.02
284.72
22.03
143.59
2295.55
41.48
43.89
34.67
19.43
114.48
154.49
22.89
176.16
62.34
7.38
1471.90
998.21
33.42
288.91
943.32
255.23
47.70
50.39
306.68
425.73
380.43
3685.38
63.27
647.58
19.28
568.75
331.36
1287.43
1.63
7.51
11.00
10.69
27.33
65.66
160.24
286.57
554.80
564.94
276.57
294.88
55.86
81.49
177.19
238.11
16.73
478.06
1.84
281.77
1.75
12.60
1006.54
164.77
280.72
26.81
40.46
85.75
14.39
347.56
3333.16
12.37
14.66
24.47
523.03
534.28
117.55
858.34
235.35
28.79
29.74
536.19
729.29
113.30
4980.03
423.96
637.78
31.56
141.96
248.80
179.20
123.32
468.97
870.87
342.79
407.63
55.60
61.07
39.80
106.97
172.53
44.49
22.23
15.63
112.32
32.28
389.77
579.66
192.28
434.00
2366.62
2.42
49.69
45.29
261.24
1681.75
2344.26
1369.69
3521.84
0.16
