23.93
80.20
184.26
329.02
624.36
951.21
1316.20
2633.60
3764.61
807.21
596.58
27.97
1068.23
1039.25
1898.13
1352.31
549.05
620.47
5215.45
588.04
54.89
131.24
522.00
1.48
3.95
1.30
1731.25
4.08
16.10
14.74
3.84
2.81
0.32
4.62
5.14
2.73
27.84
4.55
0.65
3.20
3.61
134.79
1069.72
0.50
22.01
75.36
22.23
3.35
357.03
108.49
555.44
3021.52
2797.86
74.86
87.03
2590.85
0.24
6.01
304.32
237.16
1432.71
11.99
54.64
111.29
73.37
116.39
40.04
11.22
510.11
13.68
2.76
48.15
34.56
132.83
979.11
1990.86
4243.22
2843.58
2089.75
3.70
7.27
19.13
39.92
230.75
829.84
3780.43
3.62
3.54
67.64
12.00
548.94
2238.68
503.25
64.98
67.50
120.13
184.93
4.58
294.76
111.05
110.35
146.11
51.83
130.75
1.42
16.20
4.94
4260.69
884.37
373.91
16.34
11.00
4835.22
1.03
4.41
382.56
13.19
187.76
2200.91
112.64
129.06
79.22
27.33
146.79
828.19
271.50
237.94
173.48
35.57
1137.29
86.71
105.55
263.40
212.46
48.91
47.59
361.29
341.84
468.45
3356.13
70.24
620.75
18.91
198.43
1018.00
1259.22
3.35
7.02
7.81
8.99
12.59
73.13
92.28
579.88
634.99
506.50
283.85
603.00
65.37
213.90
301.79
222.83
19.12
473.46
14.45
313.88
1.26
14.78
3298.46
246.42
244.98
35.82
45.99
107.71
15.54
278.76
13.27
13.33
25.23
401.56
503.64
84.61
932.29
163.96
25.83
19.35
643.17
710.27
107.76
3336.63
451.38
456.19
31.47
174.13
230.37
157.93
142.94
502.02
835.74
548.07
519.55
53.03
65.59
38.59
112.28
162.79
46.29
17.98
14.67
108.87
23.25
52.46
779.86
169.04
431.66
2229.50
33.53
44.53
185.53
127.42
1461.79
65.71
2843.41
612.63
0.18
