0 	0
6 	1
15 	2
19 	3
24 	4
26 	5
29 	6
30 	7
31 	8
34 	10
42 	11
43 	12
45 	13
48 	14
50 	16
51 	17
53 	18
55 	19
57 	20
58 	22
60 	23
62 	24
64 	25
67 	26
68 	28
69 	35
70 	36
71 	37
73 	38
74 	40
77 	41
78 	43
79 	49
82 	50
83 	52
84 	53
85 	58
87 	61
89 	62
90 	64
91 	74
92 	77
94 	79
96 	89
97 	92
98 	93
99 	94
100 	95
101 	98
102 	99
103 	100
104 	105
105 	106
108 	107
109 	111
110 	112
111 	119
112 	126
113 	127
114 	128
115 	129
117 	138
118 	146
119 	149
120 	156
121 	159
122 	164
124 	165
125 	169
126 	177
127 	178
128 	179
129 	185
130 	208
131 	217
132 	239
133 	243
134 	249
135 	252
136 	253
137 	268
138 	272
139 	273
140 	274
141 	282
142 	299
143 	306
144 	310
145 	312
146 	314
147 	315
148 	323
149 	371
150 	375
151 	378
152 	402
153 	432
154 	455
155 	459
156 	462
157 	471
158 	477
159 	478
160 	500
161 	509
162 	517
163 	519
164 	520
165 	522
166 	537
167 	546
168 	547
169 	568
170 	604
171 	606
172 	609
173 	630
174 	636
175 	641
176 	644
177 	654
178 	704
179 	713
180 	714
181 	720
182 	731
183 	752
184 	813
185 	816
186 	834
187 	863
188 	886
189 	970
190 	1040
191 	1049
192 	1113
193 	1132
194 	1140
195 	1152
196 	1180
197 	1445
198 	1496
199 	1564
200 	1615
201 	1633
202 	1635
203 	1689
204 	1770
205 	1784
206 	1920
207 	1935
208 	1960
209 	2022
210 	2620
211 	2673
212 	2739
213 	3191
214 	3354
215 	3399
216 	3630
217 	3685
218 	3838
220 	4260
221 	4758
222 	5180
223 	5439
224 	5556
225 	5669
