0 	0
7 	1
13 	2
17 	3
21 	4
27 	5
30 	6
31 	8
33 	9
34 	10
40 	11
41 	12
46 	14
50 	15
52 	16
55 	17
56 	18
57 	19
59 	20
61 	22
62 	23
63 	24
65 	25
66 	26
67 	29
70 	32
72 	35
75 	37
76 	39
79 	41
81 	43
82 	49
83 	51
85 	53
86 	60
88 	61
89 	65
90 	66
91 	68
92 	70
93 	75
94 	88
95 	89
96 	90
97 	92
98 	94
100 	95
101 	97
103 	98
104 	99
105 	101
106 	102
107 	103
108 	104
109 	105
110 	106
111 	111
112 	114
113 	115
114 	120
115 	122
116 	126
117 	132
118 	134
119 	136
120 	139
121 	153
122 	159
123 	161
124 	163
126 	166
127 	168
128 	171
129 	172
130 	175
131 	176
132 	184
133 	199
134 	212
135 	224
136 	227
137 	228
138 	230
139 	236
140 	257
141 	266
142 	276
143 	307
144 	316
146 	327
147 	329
148 	333
149 	334
150 	363
151 	368
152 	373
153 	390
154 	431
155 	435
156 	439
157 	442
158 	445
159 	450
160 	458
161 	470
162 	472
163 	473
164 	477
166 	480
167 	494
168 	543
169 	544
170 	551
171 	563
172 	585
173 	586
174 	595
175 	602
176 	606
177 	613
178 	616
179 	619
180 	620
181 	624
183 	650
184 	682
185 	683
186 	694
187 	703
188 	716
189 	869
190 	915
191 	925
192 	928
193 	932
194 	963
195 	972
196 	1061
197 	1091
198 	1157
199 	1192
200 	1194
201 	1240
202 	1254
203 	1289
204 	1353
205 	1564
206 	1590
207 	1926
208 	1940
209 	2300
210 	2512
211 	2532
212 	2618
213 	2971
214 	3042
215 	3055
216 	3469
217 	3520
218 	4338
219 	4508
220 	4561
221 	4683
222 	4736
223 	5524
224 	5948
