40.38
126.29
214.45
391.98
819.06
1502.85
2655.85
5981.48
1344.04
754.10
24.26
1915.04
1686.95
4280.34
3515.02
1063.80
421.59
703.37
91.93
72.19
544.94
1.04
1.54
2.19
1766.68
16.14
8.77
3.47
1.28
1.62
0.19
7.20
11.30
2.69
60.89
1.57
0.28
2.40
1.66
61.76
2462.19
0.80
25.53
243.41
22.78
1.78
561.74
219.84
711.86
1309.61
2101.84
105.85
132.30
2857.59
0.22
2.12
137.27
275.24
901.56
5877.02
14.90
51.04
124.22
74.44
115.54
45.95
7.17
584.54
6.23
1.98
46.24
37.05
85.34
38.32
2949.64
2.82
5.53
15.80
37.76
274.34
814.32
2734.55
2.45
9.54
10.77
9.73
403.25
1459.25
424.73
50.92
48.60
98.69
128.39
3.18
273.20
91.81
78.62
113.60
35.84
91.06
1.01
12.98
12.12
597.48
16.08
7.17
3265.47
0.66
4.10
473.22
15.40
382.25
40.87
63.68
303.45
17.90
96.34
296.71
295.14
941.12
383.59
10.64
1482.51
146.70
85.86
112.58
66.46
442.14
53.51
51.32
593.63
499.75
488.48
3966.82
90.47
59.69
36.19
410.01
657.88
677.97
2.80
5.66
2.98
11.39
20.11
47.09
45.62
401.16
493.95
480.77
414.20
267.56
40.55
198.16
106.22
467.25
29.73
537.60
54.19
480.06
1.78
11.70
1443.50
159.57
129.24
24.01
83.74
35.70
88.89
16.14
291.97
2355.34
9.51
20.77
15.08
478.38
1266.04
105.41
2520.28
318.68
17.69
7.67
833.82
810.64
102.77
579.31
816.47
51.07
166.40
254.07
168.60
188.60
748.93
1486.46
396.22
579.52
15.27
43.33
17.59
77.00
161.89
30.49
22.44
17.79
143.80
34.03
2347.51
1314.77
196.94
447.19
3001.28
21.17
45.34
57.20
563.62
4.51
296.73
1923.43
0.13
