38.05
100.90
165.33
315.34
649.79
927.77
1288.16
2511.14
4560.47
702.56
542.69
21.72
1191.43
1589.08
3041.74
4337.16
601.58
623.34
562.98
113.81
88.24
472.18
0.93
1.47
2.02
1925.92
4.85
8.91
2.94
1.47
1.80
0.20
8.82
4.96
3.01
14.86
3.48
0.29
3.78
1.69
65.65
2617.75
1.25
19.40
110.14
21.71
5.25
615.42
256.78
1156.02
1090.29
1253.42
102.92
167.13
2970.16
0.23
2.01
367.15
227.56
1352.12
14.44
40.61
93.87
87.23
125.55
42.67
10.71
649.90
10.08
28.63
15.48
133.52
229.11
924.89
962.05
1239.75
4682.52
2.25
4.44
13.51
31.15
235.63
618.90
2531.75
0.95
9.13
10.40
10.00
328.36
1563.83
476.82
50.84
52.86
94.67
135.63
5.02
306.93
104.32
97.85
98.20
34.84
89.73
1.13
16.91
4.34
4507.77
1060.35
619.34
19.23
14.10
3468.21
0.88
4.39
457.70
18.86
449.78
5947.76
103.24
42.08
119.72
16.48
170.24
438.18
114.20
198.09
389.88
101.53
332.87
471.69
13.53
121.08
211.94
584.08
52.51
60.59
931.27
469.11
444.38
3519.47
105.28
59.68
36.48
430.68
681.92
1193.17
7.48
5.88
11.23
13.91
13.45
48.32
74.92
479.14
585.24
326.64
275.85
543.73
64.45
160.06
175.63
174.99
31.83
605.03
15.76
479.26
4.92
14.06
3054.25
162.08
131.18
31.33
40.51
36.03
24.52
5523.66
333.68
10.92
24.07
17.81
594.58
682.25
94.80
2299.42
326.21
16.61
10.39
715.67
868.07
97.73
4735.10
434.58
693.44
67.18
138.92
265.55
183.68
165.49
612.32
971.83
362.79
441.28
36.48
60.39
13.20
69.26
226.41
23.20
25.31
22.39
152.17
40.73
550.22
158.41
171.29
372.12
1939.15
3.51
96.39
223.15
34.17
493.23
91.38
914.03
0.12
