33.04
129.92
169.78
268.82
655.82
821.82
1282.94
3454.08
4324.36
1318.95
720.23
23.34
780.46
781.54
2009.69
3223.92
514.62
570.75
422.12
114.11
108.96
384.23
0.89
1.33
1.43
2110.34
7.10
11.62
2.49
1.28
1.64
0.20
11.91
5.18
2.07
57.76
2.72
0.28
5.44
1.64
66.72
2639.10
1.32
26.16
120.44
17.49
5.59
653.19
263.96
665.46
1340.02
2776.10
83.37
196.32
2754.97
0.23
1.98
155.58
256.81
994.41
14.57
60.13
117.61
85.59
125.73
40.22
12.12
614.53
11.97
24.27
36.90
95.63
155.86
747.06
103.15
306.80
3595.82
2.61
4.39
13.69
31.76
262.70
586.26
2322.23
1.57
9.33
10.70
10.57
393.41
1803.40
433.11
50.28
49.69
88.22
155.97
5.65
302.64
99.67
98.73
97.28
38.17
85.74
1.18
15.45
3.61
3986.53
1017.93
586.80
18.23
13.10
0.82
4.73
424.81
19.15
555.27
75.20
42.32
118.54
39.78
242.86
142.22
217.13
618.67
244.10
278.75
190.99
1199.10
49.71
163.60
164.55
361.45
58.79
49.48
929.04
462.72
415.62
3565.87
106.08
59.85
38.43
456.00
285.82
624.09
3.82
10.95
11.25
12.67
25.23
90.47
88.93
555.72
572.55
144.48
667.01
637.90
104.38
116.81
368.98
414.39
27.65
586.82
38.25
472.17
5.02
13.30
2687.52
155.67
219.80
34.46
841.90
41.91
82.56
17.19
272.75
9.93
23.19
15.10
511.62
741.65
81.24
1993.07
258.84
14.59
10.90
464.93
926.97
129.36
417.49
525.56
73.69
146.94
261.68
174.54
134.20
586.58
1151.02
287.55
309.54
10.58
58.24
13.84
82.76
232.85
26.47
20.43
22.19
130.61
43.13
540.51
1210.02
165.72
478.73
2685.93
10.05
19.71
285.30
98.43
453.32
94.57
4651.19
2826.82
0.12
