56.74
142.78
244.12
504.37
930.97
1808.28
2968.17
850.41
1411.32
28.71
1156.57
1521.52
4860.75
3633.50
771.81
498.10
787.39
162.74
101.56
463.64
0.97
1.33
1.60
1543.66
6.36
12.93
2.92
1.39
1.58
0.18
8.36
16.76
4.44
37.79
3.20
0.28
3.35
1.59
64.94
3208.07
1.20
21.43
101.04
20.87
3.01
732.82
208.55
640.64
2796.41
2763.28
89.71
143.00
3593.03
0.20
1.95
162.03
217.93
1475.52
4699.43
12.42
54.60
112.22
73.74
123.69
46.04
8.37
525.85
12.82
33.22
52.27
80.62
305.27
550.58
922.13
1134.05
2022.19
2.73
5.38
13.83
38.07
214.00
872.85
2934.40
1.47
9.15
10.41
10.76
417.91
1573.84
608.60
52.77
55.18
96.65
131.60
4.52
313.30
100.69
104.59
117.52
41.47
104.35
0.95
14.26
7.17
5631.94
1725.20
2228.47
20.44
10.71
0.94
3.53
418.98
16.97
534.92
48.23
62.47
66.78
69.01
310.87
115.53
15.29
317.16
217.44
61.90
670.53
643.65
76.37
83.79
518.42
522.03
61.38
50.26
976.12
472.53
422.79
3717.42
104.49
57.94
36.44
369.10
538.86
987.61
3.52
9.68
6.72
5.93
33.57
39.89
99.77
263.96
432.13
565.04
486.25
168.01
136.53
241.80
317.28
370.28
17.35
481.93
45.41
467.75
43.65
11.14
1613.40
170.95
179.01
18.84
42.69
92.03
16.92
284.35
2640.58
9.72
30.95
18.05
623.63
929.19
100.80
2110.87
366.14
19.87
11.70
569.52
926.77
115.58
5742.64
567.87
509.48
30.29
164.39
238.59
173.60
203.22
642.34
1669.10
536.21
669.00
39.07
61.26
15.54
90.86
233.43
64.76
27.89
28.29
188.35
36.72
286.27
1609.10
214.30
520.37
3212.68
34.31
14.11
94.47
131.06
1.48
512.03
3670.55
0.14
