0	0
11	1
18	2
25	3
28	4
32	5
35	6
36	7
37	8
38	10
39	12
43	13
45	14
46	15
49	16
53	17
54	18
56	19
57	20
59	21
61	22
62	25
64	26
65	28
66	30
68	31
70	36
73	37
74	39
76	40
77	41
78	48
81	49
84	50
85	52
86	54
88	55
89	61
90	64
91	68
92	69
93	71
94	74
95	77
96	80
97	81
99	82
100	90
101	95
102	98
103	99
104	110
105	114
106	116
107	120
108	125
109	126
110	127
111	141
112	144
113	148
115	150
116	152
117	156
118	163
119	167
120	172
121	173
123	175
125	176
126	177
127	178
128	180
129	187
130	189
131	206
132	211
133	213
134	215
135	226
136	229
137	235
138	239
139	241
140	260
141	268
142	269
143	290
144	300
145	340
146	351
147	382
148	390
149	403
150	429
151	437
152	470
153	473
154	475
155	496
156	518
157	523
158	525
159	535
160	538
161	546
162	616
163	664
164	673
165	734
166	764
167	804
168	843
169	853
170	860
171	878
172	902
173	952
174	1088
176	1090
177	1134
178	1153
179	1173
180	1230
181	1283
182	1390
183	1472
184	1583
185	1601
186	1617
187	1697
188	1758
189	1953
190	1965
191	2095
192	2326
193	2582
194	2781
195	2974
196	2989
197	3195
198	3366
199	3566
200	3629
201	3934
202	4821
