34.56
107.07
157.11
315.04
641.76
1146.15
1936.50
3872.04
5217.05
1778.52
1180.63
25.73
1774.85
1961.75
4266.01
3694.41
1507.13
569.91
821.93
89.64
107.43
548.80
0.99
1.32
1.50
270.05
10.54
11.25
2.94
1.30
1.53
0.17
9.01
17.35
3.39
61.61
3.38
0.27
2.78
1.52
61.21
2754.04
1.09
18.40
166.35
22.53
2.50
662.99
188.15
976.10
2676.16
1699.34
128.70
120.32
3378.97
0.22
1.90
278.11
311.63
1448.27
13.15
53.67
94.59
77.54
89.72
41.31
9.80
651.43
5.74
19.69
7.34
93.49
259.13
42.94
166.79
471.51
5560.80
2.62
4.88
13.60
37.77
250.62
712.00
4299.68
1.35
9.05
10.42
10.92
377.23
1630.11
523.97
53.40
50.73
93.47
139.54
4.81
303.21
100.11
107.02
112.52
41.05
101.08
0.88
16.77
3.53
5496.02
1064.31
491.24
23.28
11.20
3427.31
0.72
4.11
320.98
18.13
1114.76
148.50
81.39
169.15
24.85
380.62
742.66
41.13
627.32
247.46
279.63
1060.33
2042.21
78.23
317.94
1657.26
461.02
58.72
50.93
1172.47
477.69
439.46
3692.08
106.58
59.84
35.68
463.07
725.04
729.50
6.08
11.04
3.92
15.95
13.22
41.23
65.02
280.06
171.96
320.20
615.43
528.63
74.42
111.96
140.76
385.20
25.63
516.29
38.23
403.28
5.03
10.80
1963.11
160.23
148.60
19.70
842.98
48.56
97.65
26.10
253.89
5678.94
9.95
24.12
18.91
551.00
869.42
107.06
1651.01
324.02
21.61
10.48
521.60
243.19
128.30
4805.44
540.72
709.90
50.21
210.47
284.04
179.00
180.02
613.76
1147.98
525.98
642.08
12.58
61.08
15.30
126.89
218.83
27.07
25.19
23.28
130.49
37.36
755.41
887.41
177.27
483.53
2639.83
13.88
6.12
95.41
508.87
825.02
1587.24
650.28
3242.44
0.11
