0 	0
7 	1
15 	2
18 	3
21 	4
26 	5
31 	6
32 	8
33 	9
35 	10
41 	11
42 	12
45 	13
47 	14
48 	15
51 	17
53 	18
54 	19
58 	22
59 	23
60 	24
63 	27
65 	28
67 	32
68 	33
69 	35
71 	39
72 	46
73 	48
75 	49
77 	52
79 	53
80 	54
81 	55
82 	60
83 	62
84 	63
85 	65
86 	67
88 	68
89 	70
90 	81
91 	84
92 	88
93 	89
94 	95
95 	99
96 	100
97 	102
98 	108
99 	109
100 	110
101 	112
103 	113
104 	119
106 	122
107 	124
108 	126
109 	130
110 	132
112 	139
113 	154
114 	156
117 	171
118 	172
120 	175
121 	176
122 	185
123 	191
124 	201
125 	202
126 	210
127 	213
128 	216
129 	220
130 	226
132 	228
133 	232
134 	243
135 	254
136 	281
137 	282
138 	289
139 	290
140 	301
141 	307
142 	320
143 	328
144 	341
145 	352
146 	356
147 	363
148 	377
149 	386
150 	401
151 	445
152 	455
153 	475
154 	484
155 	505
156 	510
157 	526
158 	530
159 	550
160 	561
161 	564
162 	565
163 	566
164 	581
165 	593
166 	605
167 	624
168 	653
169 	662
170 	693
171 	697
172 	724
173 	737
174 	752
175 	765
176 	817
177 	818
178 	849
179 	870
180 	899
181 	927
182 	937
183 	986
184 	1005
185 	1011
186 	1163
187 	1205
189 	1215
190 	1338
191 	1405
192 	1436
193 	1561
194 	1578
195 	1650
196 	1698
197 	1787
199 	1788
200 	1957
201 	1988
202 	2077
203 	2182
204 	2495
205 	2821
206 	2985
207 	3321
208 	3506
209 	3631
210 	3773
211 	3840
212 	4023
213 	4065
214 	4199
215 	4441
216 	4821
217 	5306
218 	5633
219 	5790
