27.67
106.92
164.41
343.35
556.92
1201.52
1879.59
3662.00
976.79
1219.85
25.62
1871.73
1886.29
3595.65
5902.85
900.10
568.55
698.36
115.70
102.95
547.97
0.98
1.34
1.48
270.55
10.53
11.22
2.98
1.28
1.57
0.18
9.09
17.33
2.96
61.62
3.36
0.27
2.78
1.52
61.86
2422.65
1.08
18.39
166.11
22.90
2.50
661.76
202.56
1710.14
2283.72
1700.50
128.72
109.08
3730.72
0.21
1.93
259.59
311.80
1438.11
5181.70
13.12
53.33
94.92
82.61
89.70
46.96
8.21
566.85
5.75
19.88
7.23
103.39
134.92
43.04
1543.73
2776.46
571.48
2.64
4.85
13.59
37.68
251.68
712.94
4301.48
1.36
9.04
10.39
11.42
407.58
1749.79
475.63
49.05
55.91
103.46
138.92
4.82
311.48
97.52
129.11
117.08
37.81
105.17
0.87
14.82
3.51
5484.76
1113.25
473.75
20.31
11.97
3434.63
0.72
4.10
320.69
18.07
1125.43
148.44
81.03
168.94
22.53
381.95
741.73
41.20
627.47
247.28
279.56
5518.70
834.19
115.50
121.43
1043.03
462.68
56.99
54.92
1179.21
477.62
439.09
3696.08
106.41
60.01
35.66
273.40
613.27
779.15
10.10
3.83
9.92
12.69
31.38
33.01
21.60
270.72
280.61
563.22
293.84
557.39
62.22
175.47
140.14
532.26
25.59
515.96
38.15
403.07
5.07
12.22
2046.67
160.40
170.42
20.74
843.59
48.64
97.86
26.08
301.27
9.96
24.10
16.29
555.98
843.02
97.70
1917.04
239.87
21.59
10.43
533.23
1075.16
129.79
527.60
552.00
50.61
200.26
234.13
180.14
141.01
758.14
1377.08
460.10
318.40
34.71
56.52
15.35
98.19
219.20
24.44
25.90
22.41
132.78
42.51
895.53
941.00
165.51
448.34
2727.49
13.86
6.12
95.26
507.02
825.89
1586.28
649.32
3234.19
0.12
