35.79
120.53
169.84
269.11
657.65
814.71
1278.75
3430.75
4300.24
1291.78
720.54
23.36
785.73
781.45
1989.45
3484.77
725.80
649.69
422.83
133.44
107.51
437.48
0.98
1.50
1.66
2046.06
8.43
11.65
2.50
1.50
1.61
0.19
12.01
4.92
2.08
59.12
2.76
0.26
5.47
1.82
55.68
2883.73
1.22
26.24
120.42
20.21
5.54
602.87
265.34
666.39
1343.17
2795.88
83.39
193.33
3359.80
0.23
2.28
155.89
256.74
993.53
17.03
60.07
118.38
86.05
109.29
45.17
12.01
615.50
12.09
24.13
36.59
106.11
156.64
779.84
99.11
332.31
3419.65
2.33
4.16
13.77
33.65
262.48
574.08
2051.79
1.56
9.08
10.73
12.67
332.06
1804.53
431.15
50.58
51.28
80.29
136.88
5.63
302.44
103.63
98.41
95.63
40.93
95.41
1.07
16.03
3.54
3565.86
1023.62
584.55
19.69
11.26
0.74
4.32
465.71
19.12
681.40
75.24
42.67
113.37
40.25
242.87
140.22
230.46
611.24
242.67
277.93
200.10
606.21
48.82
163.93
163.97
319.64
57.43
48.74
955.90
463.10
405.44
3468.78
104.34
60.48
38.29
455.79
286.01
623.33
3.82
10.81
12.49
12.68
22.69
102.39
88.28
556.32
567.58
144.49
667.19
604.97
109.69
115.91
366.07
414.62
23.97
586.72
38.16
468.99
5.03
13.32
154.67
169.02
29.57
845.42
40.53
79.16
19.94
280.91
10.02
23.09
13.58
513.98
746.61
80.23
1358.65
212.70
16.25
10.93
470.11
933.05
129.04
5798.13
416.73
666.90
74.08
146.07
258.38
175.04
143.30
480.75
1088.20
288.25
311.05
10.56
58.24
15.81
82.02
228.33
26.70
22.99
22.24
129.19
43.21
758.04
1521.06
165.93
484.54
2664.67
9.10
19.56
281.57
97.99
452.69
94.10
1454.07
1471.28
0.15
