28.29
75.56
160.83
312.40
611.69
860.77
1707.88
2768.74
1202.31
1075.94
32.46
865.95
1097.77
3917.73
2169.64
442.58
69.04
928.57
56.24
90.45
484.84
1.51
3.84
1.74
2325.66
4.34
15.08
14.66
2.27
2.99
0.29
14.94
1.92
4.59
40.35
3.66
0.40
13.03
2.76
137.69
597.66
0.49
6.76
145.64
27.65
3.11
597.97
87.53
2618.61
573.04
4839.39
67.38
129.68
3867.18
0.22
5.18
717.64
280.49
2052.05
14.06
51.56
174.16
134.79
209.82
69.77
15.60
767.66
15.49
29.81
44.21
109.75
225.47
343.35
2647.59
1815.97
2594.42
1575.11
285.98
2.75
6.20
18.58
46.24
298.51
760.37
3671.95
3.56
3.58
64.20
11.05
966.78
3419.66
817.67
90.79
90.81
201.90
271.87
5.36
331.55
110.49
107.15
196.39
53.52
187.35
1.53
16.97
5.50
5145.40
1426.68
376.49
15.32
11.08
3186.36
0.42
5.42
340.84
10.36
170.47
2796.91
22.64
81.68
51.21
22.33
1151.95
251.35
145.91
8.76
6.48
7.51
232.49
199.59
88.47
150.00
195.81
204.94
40.74
41.39
806.38
197.42
199.38
1862.95
63.26
657.25
19.41
920.99
1452.53
2108.33
6.95
10.29
6.93
20.73
31.15
91.01
40.64
270.06
445.31
465.47
478.41
536.28
87.40
343.81
656.61
817.12
18.94
317.07
21.72
219.60
5405.27
1.65
16.67
1444.71
196.43
262.37
65.84
41.73
85.85
26.40
265.50
3441.98
13.38
13.00
26.25
613.72
669.08
116.90
1831.76
303.58
27.57
23.73
720.58
1053.34
123.92
4060.75
358.59
609.17
93.00
201.17
258.84
199.94
206.09
601.03
941.60
603.06
831.68
63.39
72.47
38.25
128.51
293.01
103.92
25.61
13.38
90.27
39.06
389.25
395.23
156.25
504.60
2361.04
45.34
41.82
26.97
205.92
144.86
2091.58
4194.51
613.10
0.14
