165.13
181.59
322.48
1150.88
1187.10
2146.57
2978.74
5339.62
93.88
209.29
24.11
3640.14
2269.74
5480.03
1523.82
1471.76
177.31
79.60
1155.32
0.07
0.06
2.03
1856.42
0.53
15.09
0.78
0.12
0.27
0.04
7.04
7.50
0.26
52.25
2.91
0.05
1.22
0.16
15.02
4410.68
0.79
24.39
600.81
32.33
1.62
1602.91
139.89
286.76
608.48
4570.89
170.11
203.80
0.00
0.24
112.81
781.04
4356.57
19.95
82.64
146.29
257.42
611.77
88.16
16.94
1495.51
1.07
9.11
46.39
156.04
196.86
27.23
5486.17
2639.31
2.66
8.04
27.95
87.52
958.36
3862.42
0.72
6.24039
8.81655
9.09
270.02
527.92
28.54
30.66
27.81
55.82
59.87
1.17
122.43
73.56
86.45
39.74
13.30
30.93
0.37
8.78
1.95
4234.73
1599.84
4.93
7.65
3329.72
0.26
2.27
596.97
7.21
255.22
2533.85
3493.17
574.04
1355.06
705.36
257.80
14.42
54.02
3780.90
3571.26
141.92
376.62
2488.55
189.03
41.78
39.55
929.51
189.44
200.74
568.34
7.31
31.23
0.88
336.47
260.62
1347.77
1.60
5.93
7.61
24.08
27.99
31.39
126.81
152.18
356.33
203.24
188.58
348.88
31.07
74.29
67.26
118.07
14.45
303.71
25.99
249.68
4481.81
1.14
10.61
767.96
121.32
16.27
49.22
11.56
70.49
11.24
309.96
3.99
9.39
14.31
1015.48
1363.47
105.50
2589.01
748.30
22.97
6.23
1363.61
1880.27
116.34
753.80
1691.59
51.98
209.01
286.83
252.07
179.83
1425.51
3649.90
1454.25
817.81
2.92
7.23
3.71
31.85
58.98
5.42
19.44
21.49
197.85
84.40
22.81
1147.42
271.01
1646.12
5.90
65.65
117.49
228.13
171.71
470.16
327.42
857.44
0.124007
