0 	0
6 	1
14 	2
19 	3
21 	4
24 	5
28 	6
29 	9
31 	10
36 	11
38 	12
44 	13
47 	14
48 	16
50 	17
51 	18
55 	20
56 	21
59 	23
62 	24
63 	25
65 	27
66 	30
67 	34
68 	36
69 	37
71 	39
74 	41
75 	43
76 	44
77 	46
79 	49
80 	51
81 	52
82 	56
83 	58
84 	59
85 	60
87 	61
88 	75
89 	76
90 	80
92 	81
93 	83
94 	84
95 	87
96 	89
97 	95
99 	96
100 	98
101 	99
102 	100
103 	103
104 	104
105 	105
106 	107
107 	108
109 	110
110 	114
111 	116
112 	119
114 	121
116 	130
117 	134
118 	137
119 	141
120 	144
121 	145
122 	147
123 	155
124 	156
125 	157
127 	164
128 	166
130 	170
131 	176
132 	194
133 	201
134 	213
135 	229
136 	231
138 	243
139 	257
140 	259
141 	263
142 	266
143 	270
144 	278
145 	281
146 	282
147 	287
148 	289
149 	303
150 	312
151 	320
153 	333
154 	367
155 	406
156 	415
157 	417
158 	423
159 	432
160 	438
161 	453
162 	456
163 	464
164 	466
165 	469
166 	471
167 	481
168 	485
169 	514
170 	557
171 	568
172 	575
173 	585
174 	587
175 	603
176 	605
177 	607
178 	612
179 	616
180 	624
181 	650
182 	658
184 	667
185 	668
186 	682
187 	721
188 	726
189 	747
190 	759
191 	780
192 	782
193 	786
194 	815
195 	846
196 	934
197 	956
198 	994
199 	1024
200 	1089
201 	1279
202 	1292
203 	1344
204 	1359
205 	1455
206 	1472
207 	1522
208 	1805
209 	1990
210 	2047
211 	2052
212 	2665
213 	2796
214 	2884
215 	3360
216 	3420
217 	3431
218 	3469
219 	3485
220 	3566
221 	4301
222 	5799
