0 	0
7 	1
15 	2
20 	3
23 	4
27 	5
28 	6
29 	8
30 	9
34 	10
38 	11
39 	12
40 	13
43 	14
45 	15
47 	16
50 	17
53 	18
54 	22
58 	24
59 	25
60 	26
61 	27
62 	29
63 	30
64 	31
65 	32
66 	34
67 	35
69 	36
72 	37
74 	38
75 	40
77 	41
78 	43
79 	44
81 	46
82 	50
84 	53
85 	54
86 	59
88 	60
89 	62
90 	65
91 	66
92 	74
93 	79
94 	84
95 	89
97 	91
98 	93
99 	94
100 	96
101 	99
102 	101
103 	103
104 	104
106 	105
108 	107
109 	112
110 	115
111 	116
112 	119
113 	120
114 	125
115 	132
116 	134
117 	142
118 	145
120 	146
121 	158
122 	162
123 	166
124 	167
128 	168
131 	169
132 	171
133 	175
135 	183
136 	185
137 	187
138 	213
139 	228
140 	229
141 	232
143 	234
144 	236
145 	237
146 	252
147 	255
148 	256
150 	277
151 	286
152 	301
153 	330
154 	350
155 	353
156 	379
157 	389
158 	392
159 	394
160 	419
162 	421
163 	452
164 	457
165 	460
166 	463
167 	467
168 	474
169 	479
170 	494
172 	526
173 	529
174 	563
175 	571
177 	573
178 	588
179 	594
180 	599
181 	631
182 	636
183 	647
184 	661
185 	664
186 	748
187 	778
188 	787
189 	838
190 	912
191 	1041
192 	1099
193 	1214
194 	1270
195 	1273
196 	1334
197 	1415
198 	1416
199 	1434
200 	1463
201 	1484
202 	1546
203 	1551
204 	1601
205 	1762
206 	1819
207 	1955
208 	2391
209 	2416
210 	2434
211 	2445
212 	2494
213 	2516
214 	2538
215 	2707
216 	3013
217 	3093
218 	3174
219 	3494
220 	3508
221 	3832
222 	4318
223 	4749
224 	5253
225 	5355
226 	5691
