0 	0
6 	1
10 	2
17 	3
20 	4
22 	5
27 	6
31 	7
32 	8
33 	10
36 	11
38 	12
40 	13
41 	14
45 	15
48 	16
51 	17
52 	18
53 	19
54 	20
57 	21
58 	22
59 	23
61 	25
62 	26
63 	29
64 	30
65 	32
66 	34
67 	36
68 	37
70 	39
72 	42
73 	44
74 	45
75 	46
76 	49
78 	51
79 	52
80 	55
81 	58
82 	59
83 	61
84 	63
85 	65
86 	66
87 	70
88 	72
89 	73
90 	74
91 	75
92 	77
93 	78
94 	86
96 	96
97 	97
98 	98
99 	100
100 	103
101 	105
102 	108
103 	109
104 	110
107 	112
108 	114
109 	121
110 	136
111 	157
112 	164
113 	166
116 	171
117 	181
118 	185
119 	187
120 	191
121 	203
122 	204
123 	205
124 	206
125 	212
126 	213
127 	215
128 	220
129 	236
130 	244
131 	247
132 	252
133 	256
134 	264
135 	268
136 	269
137 	274
138 	277
139 	283
140 	291
141 	295
142 	301
143 	307
144 	322
145 	339
146 	343
147 	351
148 	352
149 	358
150 	371
151 	373
152 	381
153 	385
154 	408
155 	432
156 	437
157 	469
158 	471
159 	501
160 	502
161 	504
162 	515
163 	541
164 	543
165 	544
166 	553
167 	559
168 	570
169 	576
170 	581
171 	601
172 	616
173 	618
174 	674
175 	683
176 	691
177 	739
178 	761
179 	865
180 	902
181 	928
182 	947
183 	952
184 	984
186 	1003
187 	1012
188 	1038
189 	1100
190 	1125
191 	1137
192 	1141
193 	1149
194 	1187
195 	1191
196 	1200
197 	1224
198 	1281
199 	1303
200 	1343
201 	1366
202 	1464
203 	1556
204 	1669
205 	1897
206 	1962
207 	1964
208 	2024
209 	2064
210 	2274
211 	2444
212 	2968
213 	2988
214 	3006
215 	3384
216 	3423
217 	3882
218 	4118
219 	4395
220 	4409
221 	4606
222 	4829
223 	4901
224 	5949
