0 	0
7 	1
15 	2
19 	3
22 	4
25 	5
28 	6
29 	8
30 	9
33 	10
35 	11
36 	12
41 	13
43 	14
46 	16
50 	17
51 	18
52 	19
53 	21
54 	22
56 	24
58 	25
59 	26
60 	27
62 	28
63 	29
64 	30
66 	31
67 	35
68 	36
69 	37
71 	38
72 	39
74 	40
75 	41
78 	42
79 	43
80 	45
81 	46
82 	51
83 	52
84 	53
86 	55
87 	60
88 	62
89 	66
90 	67
92 	74
93 	80
94 	83
95 	90
96 	91
98 	95
99 	98
100 	100
105 	101
107 	102
108 	103
109 	108
110 	111
112 	112
114 	115
115 	124
116 	128
117 	129
118 	133
119 	147
120 	149
121 	151
123 	166
125 	169
126 	170
127 	171
128 	172
129 	174
131 	175
132 	182
133 	183
134 	186
135 	189
137 	192
138 	199
139 	204
140 	209
143 	228
144 	233
145 	236
146 	245
147 	267
148 	278
150 	299
151 	315
152 	328
153 	331
154 	334
155 	354
156 	367
157 	379
158 	399
159 	400
160 	401
161 	409
162 	413
165 	454
166 	463
167 	464
168 	476
169 	477
170 	492
171 	493
172 	511
173 	518
174 	525
175 	540
176 	547
177 	569
178 	592
179 	609
181 	617
182 	630
183 	660
184 	687
185 	777
186 	812
187 	827
188 	834
189 	846
190 	853
191 	888
192 	963
193 	993
194 	1190
195 	1210
196 	1267
197 	1271
198 	1378
199 	1423
200 	1470
201 	1508
202 	1646
203 	1649
204 	1729
205 	1755
206 	1763
207 	1771
208 	1941
209 	1952
210 	2103
211 	2169
212 	2219
213 	2286
214 	2427
215 	2473
216 	2558
217 	3006
218 	3446
219 	3487
220 	3820
221 	3894
222 	3991
223 	4358
224 	5279
225 	5695
