31.24
81.93
180.89
317.93
773.47
1113.55
1544.77
2702.02
4535.81
625.59
1306.34
29.49
1141.64
979.80
2070.41
1617.18
446.40
620.53
564.05
168.30
109.98
482.38
1.43
3.83
1.52
2636.13
9.69
12.36
14.92
3.77
2.88
0.33
4.22
2.42
2.94
21.71
4.52
0.65
3.28
3.62
80.83
1030.40
0.68
17.25
104.47
16.31
2.36
521.23
226.08
818.22
2746.71
1645.51
57.66
104.37
2187.35
0.24
5.83
299.59
280.45
1540.00
15.47
43.19
97.88
69.76
113.89
39.30
8.31
527.48
9.63
12.35
26.15
91.59
173.43
479.45
474.79
2098.64
2333.55
1362.16
2.85
6.66
14.06
39.93
241.86
685.27
2560.56
1.72
3.55
19.15
9.87
540.63
2151.95
628.97
62.26
61.61
116.69
172.95
4.58
271.86
101.90
100.33
131.22
43.39
118.15
1.39
14.14
4.09
5665.97
1046.06
507.39
15.30
15.26
3242.83
0.53
4.04
425.87
12.51
233.70
5703.55
104.55
43.97
185.12
198.46
177.51
70.35
42.49
14.51
41.40
19.49
1191.14
80.50
140.06
639.21
136.05
46.53
46.07
316.02
662.92
688.42
85.55
648.92
18.29
885.35
1502.35
1359.68
4.38
9.66
17.24
4.25
24.97
28.43
24.95
258.67
165.40
248.56
504.60
141.00
73.17
338.49
312.37
589.33
20.41
485.51
6.97
370.42
1.73
12.10
1240.34
161.40
169.80
28.94
53.21
95.94
10.05
191.48
5851.95
11.73
12.36
24.09
544.80
712.80
112.75
1101.56
255.19
24.37
20.85
658.33
850.87
130.50
5920.80
451.00
626.55
74.24
183.13
227.07
175.49
144.81
678.49
1182.25
401.10
650.84
49.68
53.20
33.37
90.25
145.92
41.51
21.13
14.36
101.04
24.07
490.75
513.66
190.74
424.01
2524.25
26.85
63.08
252.39
138.46
2647.27
1653.38
3783.26
3785.44
0.16
