0 	0
6 	1
13 	2
19 	3
24 	4
29 	5
30 	8
31 	9
33 	10
37 	11
39 	12
43 	13
44 	14
50 	15
52 	16
55 	18
56 	19
58 	20
60 	21
61 	22
63 	23
65 	24
66 	28
67 	29
68 	32
69 	34
70 	35
71 	37
72 	38
75 	41
76 	45
78 	47
80 	48
83 	50
85 	52
87 	53
88 	55
89 	58
90 	62
91 	63
92 	65
94 	69
95 	73
96 	76
97 	81
100 	82
101 	85
102 	88
103 	90
104 	92
105 	94
106 	97
107 	101
108 	102
109 	103
110 	106
111 	111
113 	114
114 	120
115 	124
116 	132
117 	134
118 	140
119 	145
120 	157
122 	160
123 	161
124 	162
125 	166
126 	173
127 	175
128 	181
129 	194
130 	196
131 	205
132 	212
133 	221
134 	233
135 	241
136 	246
137 	251
138 	252
139 	254
140 	255
142 	257
143 	270
144 	276
145 	285
147 	288
148 	293
149 	302
150 	336
151 	348
152 	389
153 	397
154 	404
155 	406
156 	418
157 	433
158 	440
159 	446
160 	447
161 	462
162 	470
163 	474
164 	505
165 	522
166 	537
167 	550
168 	553
169 	559
170 	561
171 	570
172 	604
173 	613
174 	616
175 	630
176 	695
177 	712
178 	725
179 	745
180 	770
181 	785
182 	790
183 	791
184 	793
185 	823
186 	838
187 	848
188 	893
189 	957
190 	959
191 	976
192 	1004
193 	1089
194 	1153
195 	1154
196 	1200
197 	1293
198 	1385
199 	1423
200 	1480
201 	1548
202 	1680
203 	1773
204 	2172
205 	2202
206 	2245
207 	2274
208 	2459
209 	2533
210 	2610
211 	2645
212 	2727
213 	2796
214 	2826
215 	2903
216 	2949
217 	3686
218 	4060
219 	5017
220 	5395
