0 	0
7 	1
18 	2
23 	3
26 	4
29 	5
31 	6
32 	8
33 	9
37 	10
41 	11
45 	12
47 	13
49 	14
50 	15
51 	16
53 	17
56 	18
58 	19
60 	20
62 	21
63 	23
66 	24
67 	26
68 	27
69 	28
72 	30
73 	32
75 	33
76 	36
77 	38
80 	39
82 	41
84 	45
85 	47
86 	50
87 	51
88 	53
89 	54
91 	55
92 	57
93 	58
95 	61
96 	64
97 	66
99 	68
100 	80
101 	90
102 	93
103 	95
104 	97
105 	98
107 	102
109 	105
110 	106
111 	107
112 	112
114 	116
115 	118
116 	119
118 	120
119 	125
120 	132
121 	139
123 	145
124 	146
125 	153
126 	157
127 	160
129 	178
130 	180
131 	182
132 	185
133 	199
134 	200
136 	203
137 	216
139 	218
140 	225
141 	236
142 	246
143 	277
144 	285
145 	306
146 	309
147 	317
148 	327
149 	353
150 	356
151 	367
152 	370
153 	371
154 	379
155 	403
156 	425
157 	435
158 	443
160 	451
161 	458
162 	462
163 	483
164 	485
165 	490
166 	511
167 	523
168 	528
169 	533
170 	536
171 	548
172 	560
173 	571
174 	614
175 	622
176 	632
177 	634
178 	645
179 	673
180 	708
181 	716
182 	740
183 	763
184 	776
185 	887
186 	915
187 	917
188 	936
189 	1055
190 	1164
191 	1308
192 	1329
193 	1405
194 	1420
195 	1458
196 	1537
197 	1579
198 	1702
199 	1721
200 	1762
201 	1902
202 	2031
203 	2426
204 	2549
205 	2615
206 	2709
207 	2800
208 	3024
209 	3167
210 	3173
211 	3399
212 	3555
213 	3664
214 	3923
215 	4085
216 	4371
217 	4814
218 	4922
219 	5080
220 	5186
221 	5316
